#i_q, im1, im2, f_1 (cm^-1), f_2(cm^-1), |V^x|^2, |V^y|^2, |V^z|^2, units (m/s)^2
     1   4   4 5.1783E+02 5.1783E+02 1.9112473E-23 1.1519585E-23 1.1379564E-21
     1   4   5 5.1783E+02 5.1783E+02 3.7416856E-27 4.0645843E-27 4.8589324E-30
     1   4   6 5.1783E+02 5.1783E+02 1.8032960E-26 7.0076218E-27 3.8019307E-27
     1   5   5 5.1783E+02 5.1783E+02 3.6808993E-27 2.3612666E-26 8.5687743E-33
     1   5   6 5.1783E+02 5.1783E+02 3.7416856E-27 4.0645843E-27 4.8589324E-30
     1   6   6 5.1783E+02 5.1783E+02 1.9112473E-23 1.1519585E-23 1.1379564E-21
     2   1   1 8.0300E+01 8.0300E+01 3.8398389E+06 1.3897815E+06 3.8398382E+06
     2   1   2 8.0300E+01 8.0300E+01 5.2417240E-26 2.7324785E-26 7.1856834E-27
     2   1   3 8.0300E+01 1.8605E+02 4.3859840E+06 4.1938473E+06 4.9860190E+03
     2   1   4 8.0300E+01 5.0047E+02 9.9299909E+05 9.4949877E+05 1.1288481E+03
     2   1   5 8.0300E+01 5.0187E+02 3.4864800E+06 3.3057152E+06 2.2270078E+05
     2   1   6 8.0300E+01 5.0187E+02 1.8330188E+05 8.6834100E+05 1.4945273E+07
     2   2   2 8.0300E+01 8.0300E+01 1.3897815E+06 3.8398388E+06 1.3897814E+06
     2   2   3 8.0300E+01 1.8605E+02 1.3372275E+06 1.5293643E+06 5.7182256E+06
     2   2   4 8.0300E+01 5.0047E+02 3.0275206E+05 3.4625236E+05 1.2946223E+06
     2   2   5 8.0300E+01 5.0187E+02 9.3407463E+06 6.5034836E+06 1.5268567E+05
     2   2   6 8.0300E+01 5.0187E+02 2.3306795E+06 4.6636679E+06 2.0548561E+04
     2   3   3 1.8605E+02 1.8605E+02 2.2183087E+07 2.2183087E+07 2.2183087E+07
     2   3   4 1.8605E+02 5.0047E+02 2.4597911E+06 2.4597912E+06 2.4597911E+06
     2   3   5 1.8605E+02 5.0187E+02 3.6959764E+05 8.4348671E+05 2.3247789E+06
     2   3   6 1.8605E+02 5.0187E+02 1.9889779E+06 1.5150888E+06 3.3796606E+04
     2   4   4 5.0047E+02 5.0047E+02 1.1541878E+06 1.1541878E+06 1.1541878E+06
     2   4   5 5.0047E+02 5.0187E+02 3.9555572E+03 9.0272736E+03 2.4880568E+04
     2   4   6 5.0047E+02 5.0187E+02 2.1286701E+04 1.6214984E+04 3.6170274E+02
     2   5   5 5.0187E+02 5.0187E+02 2.2756181E+05 7.6064602E+05 2.2756183E+05
     2   5   6 5.0187E+02 5.0187E+02 2.4594174E-27 5.1741683E-26 3.6073160E-27
     2   6   6 5.0187E+02 5.0187E+02 7.6064612E+05 2.2756183E+05 7.6064601E+05
     3   1   1 1.0387E+02 1.0387E+02 2.4839726E+04 1.1482904E+05 2.4839729E+04
     3   1   2 1.0387E+02 1.0387E+02 1.1605510E-26 9.7212080E-27 3.3794009E-26
     3   1   3 1.0387E+02 3.3543E+02 3.5300603E+05 5.4853986E+05 1.7771014E+06
     3   1   4 1.0387E+02 4.3713E+02 2.0135072E+05 3.1288103E+05 1.0136389E+06
     3   1   5 1.0387E+02 4.8579E+02 9.8619820E+06 8.5375754E+06 2.8419309E+03
     3   1   6 1.0387E+02 4.8579E+02 3.1884660E+06 2.7322202E+06 7.8907788E+04
     3   2   2 1.0387E+02 1.0387E+02 1.1482903E+05 2.4839740E+04 1.1482903E+05
     3   2   3 1.0387E+02 3.3543E+02 1.4327588E+06 1.2372250E+06 8.6634340E+03
     3   2   4 1.0387E+02 4.3713E+02 8.1722974E+05 7.0569941E+05 4.9415267E+03
     3   2   5 1.0387E+02 4.8579E+02 2.3379642E+06 3.6616166E+06 1.3177084E+01
     3   2   6 1.0387E+02 4.8579E+02 8.7958333E+05 1.3365833E+06 1.6186233E+07
     3   3   3 3.3543E+02 3.3543E+02 1.0488435E+07 1.0488434E+07 1.0488434E+07
     3   3   4 3.3543E+02 4.3713E+02 9.5085535E+05 9.5085532E+05 9.5085535E+05
     3   3   5 3.3543E+02 4.8579E+02 4.1385597E+05 4.1393275E+05 1.6555774E+06
     3   3   6 3.3543E+02 4.8579E+02 1.2417214E+06 1.2416447E+06 1.2073314E-03
     3   4   4 4.3713E+02 4.3713E+02 4.8072322E+06 4.8072322E+06 4.8072324E+06
     3   4   5 4.3713E+02 4.8579E+02 1.5245092E+05 1.5247921E+05 6.0986027E+05
     3   4   6 4.3713E+02 4.8579E+02 4.5740934E+05 4.5738105E+05 4.4465423E-04
     3   5   5 4.8579E+02 4.8579E+02 8.7116646E+03 2.0672887E+04 8.7116581E+03
     3   5   6 4.8579E+02 4.8579E+02 6.2100252E-26 6.7097849E-26 2.1981986E-26
     3   6   6 4.8579E+02 4.8579E+02 2.0672890E+04 8.7116610E+03 2.0672904E+04
     4   1   1 1.0748E+02 1.0748E+02 3.4041181E-11 1.1836032E+07 3.5715784E-10
     4   1   2 1.0748E+02 1.0748E+02 3.9908500E-42 7.3480305E-26 7.8118157E-43
     4   1   3 1.0748E+02 1.9685E+02 9.9209104E+06 2.4992651E-11 4.8142559E+06
     4   1   4 1.0748E+02 4.8647E+02 4.5617902E-10 1.2527527E+07 3.1499977E-10
     4   1   5 1.0748E+02 4.8647E+02 2.0997446E-11 8.6766684E+06 1.2729103E-11
     4   1   6 1.0748E+02 5.0627E+02 1.9589665E+06 7.6375185E-11 4.0369128E+06
     4   2   2 1.0748E+02 1.0748E+02 6.7777694E-10 1.1836032E+07 8.9079560E-11
     4   2   3 1.0748E+02 1.9685E+02 4.8142560E+06 1.4899136E-11 9.9209103E+06
     4   2   4 1.0748E+02 4.8647E+02 2.1684210E-10 8.6766684E+06 5.5416923E-10
     4   2   5 1.0748E+02 4.8647E+02 1.8055622E-11 1.2527527E+07 2.4496972E-11
     4   2   6 1.0748E+02 5.0627E+02 4.0369127E+06 5.7712461E-11 1.9589664E+06
     4   3   3 1.9685E+02 1.9685E+02 1.2009313E-09 5.0437566E+07 8.3397274E-12
     4   3   4 1.9685E+02 4.8647E+02 5.9346734E+05 5.0884918E-11 7.5884438E+06
     4   3   5 1.9685E+02 4.8647E+02 7.5884439E+06 1.5838282E-11 5.9346735E+05
     4   3   6 1.9685E+02 5.0627E+02 9.7355607E-11 1.2046385E-11 1.1583085E-10
     4   4   4 4.8647E+02 4.8647E+02 4.8484474E-10 4.9363380E+06 2.3722320E-09
     4   4   5 4.8647E+02 4.8647E+02 1.2670015E-41 2.1682390E-26 6.1426056E-42
     4   4   6 4.8647E+02 5.0627E+02 4.9545165E+04 4.7342105E-10 3.8747649E+03
     4   5   5 4.8647E+02 4.8647E+02 9.5006196E-10 4.9363379E+06 1.0553710E-15
     4   5   6 4.8647E+02 5.0627E+02 3.8747653E+03 1.7681137E-11 4.9545160E+04
     4   6   6 5.0627E+02 5.0627E+02 3.0831654E-26 1.7135405E+06 2.6780034E-10
     5   1   1 1.2788E+02 1.2788E+02 4.3667951E+05 2.3809735E+06 4.3667951E+05
     5   1   2 1.2788E+02 1.7615E+02 1.2254786E+06 8.2558030E-11 1.2254786E+06
     5   1   3 1.2788E+02 2.8500E+02 2.4472143E+06 2.0208530E-12 2.4472143E+06
     5   1   4 1.2788E+02 4.4521E+02 1.0085669E+06 1.3918179E-10 1.0085669E+06
     5   1   5 1.2788E+02 4.6800E+02 4.1716300E+04 2.3298130E+07 4.1716304E+04
     5   1   6 1.2788E+02 4.7940E+02 2.0764882E+06 9.3209678E-11 2.0764882E+06
     5   2   2 1.7615E+02 1.7615E+02 2.3413520E+05 1.2291478E+07 2.3413524E+05
     5   2   3 1.7615E+02 2.8500E+02 1.2555334E+07 7.4911571E+06 1.2555334E+07
     5   2   4 1.7615E+02 4.4521E+02 8.1734677E+04 7.3378916E+06 8.1734670E+04
     5   2   5 1.7615E+02 4.6800E+02 1.8257235E+06 2.1586726E-11 1.8257235E+06
     5   2   6 1.7615E+02 4.7940E+02 6.4447785E+06 3.1064597E+06 6.4447785E+06
     5   3   3 2.8500E+02 2.8500E+02 3.2853915E+06 9.7596397E+06 3.2853916E+06
     5   3   4 2.8500E+02 4.4521E+02 8.7175446E+05 4.1214590E+06 8.7175448E+05
     5   3   5 2.8500E+02 4.6800E+02 1.7685917E+06 1.3901931E-11 1.7685917E+06
     5   3   6 2.8500E+02 4.7940E+02 6.6186426E+05 4.1531923E+06 6.6186425E+05
     5   4   4 4.4521E+02 4.4521E+02 1.9692538E+06 7.2555450E+06 1.9692538E+06
     5   4   5 4.4521E+02 4.6800E+02 1.0887213E+06 2.9743243E-10 1.0887213E+06
     5   4   6 4.4521E+02 4.7940E+02 2.3257521E+05 3.4991314E+05 2.3257519E+05
     5   5   5 4.6800E+02 4.6800E+02 2.1039656E+05 1.8467857E+06 2.1039662E+05
     5   5   6 4.6800E+02 4.7940E+02 3.5106837E+01 1.0042747E-10 3.5106691E+01
     5   6   6 4.7940E+02 4.7940E+02 1.9052985E+02 1.4375004E+06 1.9053057E+02
     6   1   1 1.3702E+02 1.3702E+02 5.2159994E+05 4.5667078E+06 5.2159998E+05
     6   1   2 1.3702E+02 1.9052E+02 1.8500037E+06 4.2569495E-12 1.8500037E+06
     6   1   3 1.3702E+02 3.3953E+02 3.0048561E+06 2.4142337E-11 3.0048562E+06
     6   1   4 1.3702E+02 3.8779E+02 5.4048797E+04 2.4522474E-10 5.4048803E+04
     6   1   5 1.3702E+02 4.6685E+02 1.2964576E+05 2.2939680E+07 1.2964576E+05
     6   1   6 1.3702E+02 4.7952E+02 1.8420166E+06 8.9369015E-12 1.8420166E+06
     6   2   2 1.9052E+02 1.9052E+02 5.4616450E+06 1.7852485E+07 5.4616450E+06
     6   2   3 1.9052E+02 3.3953E+02 1.8565172E+06 1.1182641E+07 1.8565172E+06
     6   2   4 1.9052E+02 3.8779E+02 5.0920463E+06 8.8746553E+04 5.0920463E+06
     6   2   5 1.9052E+02 4.6685E+02 4.0013184E+06 4.4321429E-12 4.0013185E+06
     6   2   6 1.9052E+02 4.7952E+02 3.3771363E+06 2.3206377E+05 3.3771363E+06
     6   3   3 3.3953E+02 3.3953E+02 3.0986091E+05 1.0102951E+07 3.0986084E+05
     6   3   4 3.3953E+02 3.8779E+02 6.9805789E+06 3.5496967E+06 6.9805789E+06
     6   3   5 3.3953E+02 4.6685E+02 9.2128518E+05 5.8806904E-11 9.2128521E+05
     6   3   6 3.3953E+02 4.7952E+02 6.7150997E+05 5.2547243E+05 6.7150993E+05
     6   4   4 3.8779E+02 3.8779E+02 2.5843616E+06 2.3734691E+05 2.5843618E+06
     6   4   5 3.8779E+02 4.6685E+02 8.1513043E+05 7.5090299E-10 8.1513045E+05
     6   4   6 3.8779E+02 4.7952E+02 1.3167285E+05 3.9686068E+06 1.3167285E+05
     6   5   5 4.6685E+02 4.6685E+02 3.8924748E+05 1.1110550E+06 3.8924748E+05
     6   5   6 4.6685E+02 4.7952E+02 3.5142092E+04 1.0640033E-11 3.5142095E+04
     6   6   6 4.7952E+02 4.7952E+02 1.3071986E+05 3.2887517E+04 1.3071989E+05
     7   1   1 1.1737E+02 1.1737E+02 3.3324823E+06 6.9441881E-10 3.3324824E+06
     7   1   2 1.1737E+02 1.7145E+02 2.4948155E-11 2.6694718E-11 3.3901371E-11
     7   1   3 1.1737E+02 2.4664E+02 6.8685327E+06 2.4458154E-10 6.8685327E+06
     7   1   4 1.1737E+02 4.5706E+02 2.4878648E-11 7.4363722E-11 2.7673203E-10
     7   1   5 1.1737E+02 4.8234E+02 2.7575982E-10 2.3035176E+07 5.8132682E-12
     7   1   6 1.1737E+02 4.8690E+02 3.2414494E+06 5.8542596E-10 3.2414494E+06
     7   2   2 1.7145E+02 1.7145E+02 7.9568300E+06 2.6013145E-10 7.9568300E+06
     7   2   3 1.7145E+02 2.4664E+02 3.0150885E-11 3.3047657E+07 1.1958579E-10
     7   2   4 1.7145E+02 4.5706E+02 7.4104910E+06 2.6480549E-10 7.4104910E+06
     7   2   5 1.7145E+02 4.8234E+02 7.1629414E+06 3.1159912E-11 7.1629415E+06
     7   2   6 1.7145E+02 4.8690E+02 4.7613821E-10 3.3970043E+05 3.0985186E-10
     7   3   3 2.4664E+02 2.4664E+02 9.6842876E+06 7.7180061E-13 9.6842878E+06
     7   3   4 2.4664E+02 4.5706E+02 1.6400485E-11 9.8671171E+05 1.5420260E-10
     7   3   5 2.4664E+02 4.8234E+02 1.1813767E-11 4.2676177E-10 5.2040647E-11
     7   3   6 2.4664E+02 4.8690E+02 5.7662340E+06 2.8371732E-10 5.7662341E+06
     7   4   4 4.5706E+02 4.5706E+02 8.0304838E+06 3.8486932E-10 8.0304835E+06
     7   4   5 4.5706E+02 4.8234E+02 1.9375505E+05 3.3130418E-10 1.9375505E+05
     7   4   6 4.5706E+02 4.8690E+02 8.6718857E-11 6.2191151E+05 1.0495736E-09
     7   5   5 4.8234E+02 4.8234E+02 1.1974434E+06 6.3851630E-12 1.1974434E+06
     7   5   6 4.8234E+02 4.8690E+02 8.9269288E-11 3.9588005E-10 4.0986978E-10
     7   6   6 4.8690E+02 4.8690E+02 1.7023352E+05 1.8525427E-09 1.7023348E+05
     8   1   1 1.3840E+02 1.3840E+02 7.1469625E-10 4.0639509E+05 1.3210228E-12
     8   1   2 1.3840E+02 1.3840E+02 1.7847681E-42 1.7488044E-26 3.7058455E-43
     8   1   3 1.3840E+02 3.4559E+02 2.4119182E+06 1.0544623E-11 1.6881287E+06
     8   1   4 1.3840E+02 4.4846E+02 1.5610908E+06 8.1021496E-11 2.2304125E+06
     8   1   5 1.3840E+02 4.5137E+02 2.0105280E-10 1.5922403E+05 1.4890089E-11
     8   1   6 1.3840E+02 4.5137E+02 1.3186709E-11 2.5577730E+07 3.2686533E-11
     8   2   2 1.3840E+02 1.3840E+02 6.0677515E-11 4.0639506E+05 1.6747274E-10
     8   2   3 1.3840E+02 3.4559E+02 1.6881287E+06 1.0423050E-10 2.4119181E+06
     8   2   4 1.3840E+02 4.4846E+02 2.2304125E+06 1.0713052E-10 1.5610909E+06
     8   2   5 1.3840E+02 4.5137E+02 2.3301341E-11 2.5577730E+07 1.1231962E-11
     8   2   6 1.3840E+02 4.5137E+02 2.6810263E-11 1.5922403E+05 7.8511544E-12
     8   3   3 3.4559E+02 3.4559E+02 2.3166114E-11 2.5148844E+07 1.3343681E-10
     8   3   4 3.4559E+02 4.4846E+02 1.4177737E-10 2.0478857E-10 4.0368340E-11
     8   3   5 3.4559E+02 4.5137E+02 2.5524878E+06 2.0466555E-11 3.1912228E+06
     8   3   6 3.4559E+02 4.5137E+02 3.1912228E+06 5.4969629E-11 2.5524878E+06
     8   4   4 4.4846E+02 4.4846E+02 8.3400293E-12 1.0808296E+07 2.1349841E-09
     8   4   5 4.4846E+02 4.5137E+02 1.0011466E+06 1.9723797E-10 8.0076343E+05
     8   4   6 4.4846E+02 4.5137E+02 8.0076344E+05 7.9285360E-11 1.0011466E+06
     8   5   5 4.5137E+02 4.5137E+02 2.9362366E-09 5.2373537E+04 2.7552453E-10
     8   5   6 4.5137E+02 4.5137E+02 5.0212734E-41 2.4742186E-26 4.7047202E-42
     8   6   6 4.5137E+02 4.5137E+02 1.4711732E-09 5.2373526E+04 4.0987199E-09
     9   1   1 1.4996E+02 1.4996E+02 7.3292759E+05 1.5063770E-10 7.3292760E+05
     9   1   2 1.4996E+02 1.9877E+02 8.0874970E-11 2.1119997E-10 9.8457193E-11
     9   1   3 1.4996E+02 3.7187E+02 3.0946357E+06 5.9407543E-11 3.0946356E+06
     9   1   4 1.4996E+02 3.7396E+02 1.2965996E-10 7.3301163E-12 1.1587149E-10
     9   1   5 1.4996E+02 4.5063E+02 1.2913212E-10 2.5293646E+07 7.1377146E-11
     9   1   6 1.4996E+02 4.6307E+02 7.5360510E+05 5.8946090E-11 7.5360510E+05
     9   2   2 1.9877E+02 1.9877E+02 1.0986256E+07 9.7101522E-10 1.0986256E+07
     9   2   3 1.9877E+02 3.7187E+02 1.6871510E-11 7.8620478E+06 6.0497490E-11
     9   2   4 1.9877E+02 3.7396E+02 1.1040768E+07 1.8373289E-11 1.1040768E+07
     9   2   5 1.9877E+02 4.5063E+02 9.1947527E+05 1.3221286E-10 9.1947527E+05
     9   2   6 1.9877E+02 4.6307E+02 2.3582909E-11 7.5524435E+06 2.6850012E-11
     9   3   3 3.7187E+02 3.7187E+02 4.4180425E+06 4.4236949E-12 4.4180425E+06
     9   3   4 3.7187E+02 3.7396E+02 4.8113037E-10 1.3011535E+07 1.1779666E-10
     9   3   5 3.7187E+02 4.5063E+02 9.2792980E-10 1.0163710E-10 1.1906754E-11
     9   3   6 3.7187E+02 4.6307E+02 2.2382586E+06 2.4135843E-11 2.2382587E+06
     9   4   4 3.7396E+02 3.7396E+02 2.3481845E+06 9.5608420E-10 2.3481845E+06
     9   4   5 3.7396E+02 4.5063E+02 3.2400607E+06 5.1809902E-11 3.2400607E+06
     9   4   6 3.7396E+02 4.6307E+02 1.7625749E-11 3.5155424E+06 9.2538130E-11
     9   5   5 4.5063E+02 4.5063E+02 4.2732470E+03 4.2220256E-11 4.2732522E+03
     9   5   6 4.5063E+02 4.6307E+02 5.2503409E-12 1.0593280E-10 1.6273449E-10
     9   6   6 4.6307E+02 4.6307E+02 5.1952902E+05 1.8224449E-11 5.1952908E+05
    10   1   1 1.8719E+02 1.8719E+02 3.1512453E+05 4.9862802E+06 7.8369213E-11
    10   1   2 1.8719E+02 2.0443E+02 2.2091443E-14 6.3690965E-11 6.5853836E+06
    10   1   3 1.8719E+02 3.2100E+02 1.9384401E+07 6.5265506E+06 2.5982456E-11
    10   1   4 1.8719E+02 3.8844E+02 1.6808346E-11 4.7816576E-11 2.8125455E+06
    10   1   5 1.8719E+02 4.5756E+02 3.6034655E-10 4.0990583E-10 1.0804691E+07
    10   1   6 1.8719E+02 4.6382E+02 9.4529570E+05 9.2201378E+06 5.2744247E-11
    10   2   2 2.0443E+02 2.0443E+02 9.8180176E+06 6.5708264E+04 2.9859786E-11
    10   2   3 2.0443E+02 3.2100E+02 1.5685283E-10 1.3987404E-10 1.3669586E+07
    10   2   4 2.0443E+02 3.8844E+02 1.1616989E+07 7.8967835E+06 4.0795150E-11
    10   2   5 2.0443E+02 4.5756E+02 2.4180945E+06 9.8980683E+06 1.4314917E-10
    10   2   6 2.0443E+02 4.6382E+02 1.3434002E-10 1.2284330E-10 1.0453326E+06
    10   3   3 3.2100E+02 3.2100E+02 2.0433560E+04 8.4793869E+06 3.3249781E-10
    10   3   4 3.2100E+02 3.8844E+02 1.1690394E-09 3.9041679E-10 1.1416158E+06
    10   3   5 3.2100E+02 4.5756E+02 3.8439263E-11 2.2524574E-10 6.7641592E+06
    10   3   6 3.2100E+02 4.6382E+02 1.1013375E+06 4.9392001E+06 1.6458206E-10
    10   4   4 3.8844E+02 3.8844E+02 8.8789928E+06 6.0989011E+06 1.6800373E-09
    10   4   5 3.8844E+02 4.5756E+02 4.9708404E+04 1.8020782E+06 8.9665463E-11
    10   4   6 3.8844E+02 4.6382E+02 8.2650601E-10 9.2298690E-10 4.0994530E+06
    10   5   5 4.5756E+02 4.5756E+02 1.2008241E+05 3.9244507E+05 1.0405627E-10
    10   5   6 4.5756E+02 4.6382E+02 2.5151581E-10 3.2021588E-11 2.4811319E+05
    10   6   6 4.6382E+02 4.6382E+02 3.0345606E+05 1.0687658E+06 5.4072259E-11
