Dynamical matrix file
graphene for phonons                                                       
  1    2  4  4.6074235  0.0000000  3.0000000  0.0000000  0.0000000  0.0000000
           1  'C   '    10947.0833589781     
    1    1      0.5000000000      0.2886800000      0.0000000000
    2    1      0.5000000000     -0.2886800000      0.0000000000

     Dynamical  Matrix in cartesian axes

     q = (    0.000000000   0.000000000   0.000000000 ) 

    1    1
  1.03869870  0.00000000    0.00000000  0.00000000    0.00000000  0.00000000
  0.00000000  0.00000000    1.03869870  0.00000000    0.00000000  0.00000000
  0.00000000  0.00000000    0.00000000  0.00000000    0.38383973  0.00000000
    1    2
 -1.03512711  0.00000000    0.00000000  0.00000000    0.00000000  0.00000000
  0.00000000  0.00000000   -1.03512711  0.00000000    0.00000000  0.00000000
  0.00000000  0.00000000    0.00000000  0.00000000   -0.38389492  0.00000000
    2    1
 -1.03512711  0.00000000    0.00000000  0.00000000    0.00000000  0.00000000
  0.00000000  0.00000000   -1.03512711  0.00000000    0.00000000  0.00000000
  0.00000000  0.00000000    0.00000000  0.00000000   -0.38389492  0.00000000
    2    2
  1.03869870  0.00000000    0.00000000  0.00000000    0.00000000  0.00000000
  0.00000000  0.00000000    1.03869870  0.00000000    0.00000000  0.00000000
  0.00000000  0.00000000    0.00000000  0.00000000    0.38383973  0.00000000

     Diagonalizing the dynamical matrix

     q = (    0.000000000   0.000000000   0.000000000 ) 

 **************************************************************************
     freq (    1) =      -0.233581 [THz] =      -7.791413 [cm-1]
 ( -0.000000  0.000000  0.000000  0.000000 -0.707107  0.000000 ) 
 ( -0.000000  0.000000  0.000000  0.000000 -0.707107  0.000000 ) 
     freq (    2) =       1.879129 [THz] =      62.681011 [cm-1]
 ( -0.065551  0.000000  0.704062  0.000000  0.000000  0.000000 ) 
 ( -0.065551  0.000000  0.704062  0.000000  0.000000  0.000000 ) 
     freq (    3) =       1.879129 [THz] =      62.681011 [cm-1]
 (  0.704062  0.000000  0.065551  0.000000  0.000000  0.000000 ) 
 (  0.704062  0.000000  0.065551  0.000000  0.000000  0.000000 ) 
     freq (    4) =      27.550621 [THz] =     918.989800 [cm-1]
 ( -0.000000  0.000000 -0.000000  0.000000 -0.707107  0.000000 ) 
 ( -0.000000  0.000000 -0.000000  0.000000  0.707107  0.000000 ) 
     freq (    5) =      45.280578 [THz] =    1510.397496 [cm-1]
 (  0.000628  0.000000 -0.707107  0.000000  0.000000  0.000000 ) 
 ( -0.000628  0.000000  0.707107  0.000000 -0.000000  0.000000 ) 
     freq (    6) =      45.280578 [THz] =    1510.397496 [cm-1]
 ( -0.707107  0.000000 -0.000628  0.000000  0.000000  0.000000 ) 
 (  0.707107  0.000000  0.000628  0.000000 -0.000000  0.000000 ) 
 **************************************************************************
