Dynamical matrix file
                                                                           
  1    2  4  4.6074235  0.0000000  3.0000000  0.0000000  0.0000000  0.0000000
           1  'C   '    10947.0833589781     
    1    1      0.5000000000      0.2886800000      0.0000000000
    2    1      0.5000000000     -0.2886800000      0.0000000000

     Dynamical  Matrix in cartesian axes

     q = (    0.000000000  -0.577350269   0.000000000 ) 

    1    1
  1.13582206  0.00000000    0.00000000  0.00000000    0.00000000  0.00000000
  0.00000000  0.00000000    1.64934612  0.00000000    0.00000000  0.00000000
  0.00000000  0.00000000    0.00000000  0.00000000    0.23850333  0.00000000
    1    2
  0.74513046  0.00000000   -0.00000000  0.00000000    0.00000000  0.00000000
  0.00000000  0.00000000   -0.00953402  0.00000000    0.00000000  0.00000000
  0.00000000  0.00000000    0.00000000  0.00000000    0.10470867  0.00000000
    2    1
  0.74513046  0.00000000   -0.00000000  0.00000000    0.00000000  0.00000000
  0.00000000  0.00000000   -0.00953402  0.00000000    0.00000000  0.00000000
  0.00000000  0.00000000    0.00000000  0.00000000    0.10470867  0.00000000
    2    2
  1.13582206  0.00000000    0.00000000  0.00000000   -0.00000000  0.00000000
  0.00000000  0.00000000    1.64934612  0.00000000   -0.00000000  0.00000000
 -0.00000000  0.00000000   -0.00000000  0.00000000    0.23850333  0.00000000

     Dynamical  Matrix in cartesian axes

     q = (    0.500000000   0.288675135   0.000000000 ) 

    1    1
  1.52096511  0.00000000    0.22236244  0.00000000    0.00000000  0.00000000
  0.22236244  0.00000000    1.26420307  0.00000000    0.00000000  0.00000000
  0.00000000  0.00000000    0.00000000  0.00000000    0.23850333  0.00000000
    1    2
 -0.17913210 -0.00000948    0.32677930  0.00001730    0.00000000  0.00000000
  0.32677930  0.00001730   -0.55646434 -0.00002946    0.00000000  0.00000000
  0.00000000  0.00000000    0.00000000  0.00000000   -0.10470867 -0.00000554
    2    1
 -0.17913210  0.00000948    0.32677930 -0.00001730    0.00000000  0.00000000
  0.32677930 -0.00001730   -0.55646434  0.00002946    0.00000000  0.00000000
  0.00000000  0.00000000    0.00000000  0.00000000   -0.10470867  0.00000554
    2    2
  1.52096511  0.00000000    0.22236244  0.00000000    0.00000000  0.00000000
  0.22236244  0.00000000    1.26420307  0.00000000   -0.00000000  0.00000000
  0.00000000  0.00000000   -0.00000000  0.00000000    0.23850333  0.00000000

     Dynamical  Matrix in cartesian axes

     q = (   -0.500000000   0.288675135   0.000000000 ) 

    1    1
  1.52096511  0.00000000   -0.22236244  0.00000000    0.00000000  0.00000000
 -0.22236244  0.00000000    1.26420307  0.00000000    0.00000000  0.00000000
  0.00000000  0.00000000    0.00000000  0.00000000    0.23850333  0.00000000
    1    2
 -0.17913210 -0.00000948   -0.32677930 -0.00001730    0.00000000  0.00000000
 -0.32677930 -0.00001730   -0.55646434 -0.00002946    0.00000000  0.00000000
  0.00000000  0.00000000    0.00000000  0.00000000   -0.10470867 -0.00000554
    2    1
 -0.17913210  0.00000948   -0.32677930  0.00001730    0.00000000  0.00000000
 -0.32677930  0.00001730   -0.55646434  0.00002946    0.00000000  0.00000000
  0.00000000  0.00000000    0.00000000  0.00000000   -0.10470867  0.00000554
    2    2
  1.52096511  0.00000000   -0.22236244  0.00000000    0.00000000  0.00000000
 -0.22236244  0.00000000    1.26420307  0.00000000    0.00000000  0.00000000
  0.00000000  0.00000000    0.00000000  0.00000000    0.23850333  0.00000000

     Diagonalizing the dynamical matrix

     q = (    0.000000000  -0.577350269   0.000000000 ) 

 **************************************************************************
     freq (    1) =      11.501254 [THz] =     383.640545 [cm-1]
 ( -0.000000  0.000000  0.000000  0.000000 -0.707107  0.000000 ) 
 (  0.000000  0.000000  0.000000  0.000000  0.707107  0.000000 ) 
     freq (    2) =      18.420739 [THz] =     614.449720 [cm-1]
 (  0.000000  0.000000 -0.000000  0.000000  0.707107  0.000000 ) 
 ( -0.000000  0.000000 -0.000000  0.000000  0.707107  0.000000 ) 
     freq (    3) =      19.653634 [THz] =     655.574657 [cm-1]
 ( -0.707107  0.000000  0.000000  0.000000  0.000000  0.000000 ) 
 (  0.707107  0.000000 -0.000000  0.000000  0.000000  0.000000 ) 
     freq (    4) =      40.264552 [THz] =    1343.080873 [cm-1]
 (  0.000000  0.000000 -0.707107  0.000000 -0.000000  0.000000 ) 
 (  0.000000  0.000000 -0.707107  0.000000  0.000000  0.000000 ) 
     freq (    5) =      40.497977 [THz] =    1350.867098 [cm-1]
 (  0.000000  0.000000 -0.707107  0.000000  0.000000  0.000000 ) 
 (  0.000000  0.000000  0.707107  0.000000  0.000000  0.000000 ) 
     freq (    6) =      43.123573 [THz] =    1438.447568 [cm-1]
 ( -0.707107  0.000000 -0.000000  0.000000 -0.000000  0.000000 ) 
 ( -0.707107  0.000000 -0.000000  0.000000  0.000000  0.000000 ) 
 **************************************************************************
