        1        2        4       4.6074235000000003       0.0000000000000000       3.0000000000000000       0.0000000000000000       0.0000000000000000       0.0000000000000000
        1  'C  '   10947.0833589780995680
        1        1       0.5000000000000000       0.2886800000000000       0.0000000000000000
        2        1       0.5000000000000000      -0.2886800000000000       0.0000000000000000
      F
        2        2        1
        1        1           1        1
        9
  -1  -1   0   -1.214042499999998E-02
  -1   0   0   -1.084261875000000E-01
   0  -1   0   -1.214042499999998E-02
   0   0   0    1.304112775000000E+00
   0   1   0   -1.214042499999998E-02
   1   0   0   -1.084261875000000E-01
   1   1   0   -1.214042499999998E-02
  -1  -2   0    0.000000000000000E+00
   1   2   0    0.000000000000000E+00
        1        2           1        1
        9
  -1  -1   0   -5.559061000000000E-02
  -1   0   0    0.000000000000000E+00
   0  -1   0    5.559061000000000E-02
   0   0   0    0.000000000000000E+00
   0   1   0    5.559061000000000E-02
   1   0   0    0.000000000000000E+00
   1   1   0   -5.559061000000000E-02
  -1  -2   0    0.000000000000000E+00
   1   2   0    0.000000000000000E+00
        1        3           1        1
        9
  -1  -1   0    0.000000000000000E+00
  -1   0   0    0.000000000000000E+00
   0  -1   0    0.000000000000000E+00
   0   0   0    0.000000000000000E+00
   0   1   0    0.000000000000000E+00
   1   0   0    0.000000000000000E+00
   1   1   0    0.000000000000000E+00
  -1  -2   0    0.000000000000000E+00
   1   2   0    0.000000000000000E+00
        2        1           1        1
        9
  -1  -1   0   -5.559061000000000E-02
  -1   0   0    0.000000000000000E+00
   0  -1   0    5.559061000000000E-02
   0   0   0    0.000000000000000E+00
   0   1   0    5.559061000000000E-02
   1   0   0    0.000000000000000E+00
   1   1   0   -5.559061000000000E-02
  -1  -2   0    0.000000000000000E+00
   1   2   0    0.000000000000000E+00
        2        2           1        1
        9
  -1  -1   0   -7.633093249999998E-02
  -1   0   0    1.995482749999999E-02
   0  -1   0   -7.633093249999998E-02
   0   0   0    1.304112775000000E+00
   0   1   0   -7.633093249999998E-02
   1   0   0    1.995482749999999E-02
   1   1   0   -7.633093249999998E-02
  -1  -2   0    0.000000000000000E+00
   1   2   0    0.000000000000000E+00
        2        3           1        1
        9
  -1  -1   0    0.000000000000000E+00
  -1   0   0    0.000000000000000E+00
   0  -1   0    0.000000000000000E+00
   0   0   0    0.000000000000000E+00
   0   1   0    0.000000000000000E+00
   1   0   0    0.000000000000000E+00
   1   1   0    0.000000000000000E+00
  -1  -2   0    0.000000000000000E+00
   1   2   0    0.000000000000000E+00
        3        1           1        1
        9
  -1  -1   0    0.000000000000000E+00
  -1   0   0    0.000000000000000E+00
   0  -1   0    0.000000000000000E+00
   0   0   0    0.000000000000000E+00
   0   1   0    0.000000000000000E+00
   1   0   0    0.000000000000000E+00
   1   1   0    0.000000000000000E+00
  -1  -2   0    0.000000000000000E+00
   1   2   0    0.000000000000000E+00
        3        2           1        1
        9
  -1  -1   0    0.000000000000000E+00
  -1   0   0    0.000000000000000E+00
   0  -1   0    0.000000000000000E+00
   0   0   0    0.000000000000000E+00
   0   1   0    0.000000000000000E+00
   1   0   0    0.000000000000000E+00
   1   1   0    0.000000000000000E+00
  -1  -2   0    0.000000000000000E+00
   1   2   0    0.000000000000000E+00
        3        3           1        1
        9
  -1  -1   0    1.816704500000000E-02
  -1   0   0    1.816704499999999E-02
   0  -1   0    1.816704500000000E-02
   0   0   0    2.748374600000000E-01
   0   1   0    1.816704500000000E-02
   1   0   0    1.816704499999999E-02
   1   1   0    1.816704500000000E-02
  -1  -2   0    0.000000000000000E+00
   1   2   0    0.000000000000000E+00
        1        1           1        2
        9
  -1  -1   0   -4.450643925000000E-01
  -1   0   0    0.000000000000000E+00
   0  -1   0   -4.450643925000000E-01
   0   0   0   -1.620652125000000E-01
   0   1   0    0.000000000000000E+00
   1   0   0    0.000000000000000E+00
   1   1   0    0.000000000000000E+00
  -1  -2   0    1.706688750002093E-02
   1   2   0    0.000000000000000E+00
        1        2           1        2
        9
  -1  -1   0   -1.633896500000191E-01
  -1   0   0    0.000000000000000E+00
   0  -1   0    1.633896500000191E-01
   0   0   0    0.000000000000000E+00
   0   1   0    0.000000000000000E+00
   1   0   0    0.000000000000000E+00
   1   1   0    0.000000000000000E+00
  -1  -2   0    0.000000000000000E+00
   1   2   0    0.000000000000000E+00
        1        3           1        2
        9
  -1  -1   0    0.000000000000000E+00
  -1   0   0    0.000000000000000E+00
   0  -1   0    0.000000000000000E+00
   0   0   0    0.000000000000000E+00
   0   1   0    0.000000000000000E+00
   1   0   0    0.000000000000000E+00
   1   1   0    0.000000000000000E+00
  -1  -2   0    0.000000000000000E+00
   1   2   0    0.000000000000000E+00
        2        1           1        2
        9
  -1  -1   0   -1.633896500000191E-01
  -1   0   0    0.000000000000000E+00
   0  -1   0    1.633896500000191E-01
   0   0   0    0.000000000000000E+00
   0   1   0    0.000000000000000E+00
   1   0   0    0.000000000000000E+00
   1   1   0    0.000000000000000E+00
  -1  -2   0    0.000000000000000E+00
   1   2   0    0.000000000000000E+00
        2        2           1        2
        9
  -1  -1   0   -2.563982725000000E-01
  -1   0   0    0.000000000000000E+00
   0  -1   0   -2.563982724999999E-01
   0   0   0   -5.393974525000000E-01
   0   1   0    0.000000000000000E+00
   1   0   0    0.000000000000000E+00
   1   1   0    0.000000000000000E+00
  -1  -2   0    1.706688750006496E-02
   1   2   0    0.000000000000000E+00
        2        3           1        2
        9
  -1  -1   0    0.000000000000000E+00
  -1   0   0    0.000000000000000E+00
   0  -1   0    0.000000000000000E+00
   0   0   0    0.000000000000000E+00
   0   1   0    0.000000000000000E+00
   1   0   0    0.000000000000000E+00
   1   1   0    0.000000000000000E+00
  -1  -2   0    0.000000000000000E+00
   1   2   0    0.000000000000000E+00
        3        1           1        2
        9
  -1  -1   0    0.000000000000000E+00
  -1   0   0    0.000000000000000E+00
   0  -1   0    0.000000000000000E+00
   0   0   0    0.000000000000000E+00
   0   1   0    0.000000000000000E+00
   1   0   0    0.000000000000000E+00
   1   1   0    0.000000000000000E+00
  -1  -2   0    0.000000000000000E+00
   1   2   0    0.000000000000000E+00
        3        2           1        2
        9
  -1  -1   0    0.000000000000000E+00
  -1   0   0    0.000000000000000E+00
   0  -1   0    0.000000000000000E+00
   0   0   0    0.000000000000000E+00
   0   1   0    0.000000000000000E+00
   1   0   0    0.000000000000000E+00
   1   1   0    0.000000000000000E+00
  -1  -2   0    0.000000000000000E+00
   1   2   0    0.000000000000000E+00
        3        3           1        2
        9
  -1  -1   0   -1.221508975000000E-01
  -1   0   0    0.000000000000000E+00
   0  -1   0   -1.221508975000000E-01
   0   0   0   -1.221508975000000E-01
   0   1   0    0.000000000000000E+00
   1   0   0    0.000000000000000E+00
   1   1   0    0.000000000000000E+00
  -1  -2   0   -1.744222749998778E-02
   1   2   0    0.000000000000000E+00
        1        1           2        1
        9
  -1  -1   0    0.000000000000000E+00
  -1   0   0    0.000000000000000E+00
   0  -1   0    0.000000000000000E+00
   0   0   0   -1.620652125000000E-01
   0   1   0   -4.450643925000000E-01
   1   0   0    0.000000000000000E+00
   1   1   0   -4.450643925000000E-01
  -1  -2   0    0.000000000000000E+00
   1   2   0    1.706688750002093E-02
        1        2           2        1
        9
  -1  -1   0    0.000000000000000E+00
  -1   0   0    0.000000000000000E+00
   0  -1   0    0.000000000000000E+00
   0   0   0    0.000000000000000E+00
   0   1   0    1.633896500000191E-01
   1   0   0    0.000000000000000E+00
   1   1   0   -1.633896500000191E-01
  -1  -2   0    0.000000000000000E+00
   1   2   0    0.000000000000000E+00
        1        3           2        1
        9
  -1  -1   0    0.000000000000000E+00
  -1   0   0    0.000000000000000E+00
   0  -1   0    0.000000000000000E+00
   0   0   0    0.000000000000000E+00
   0   1   0    0.000000000000000E+00
   1   0   0    0.000000000000000E+00
   1   1   0    0.000000000000000E+00
  -1  -2   0    0.000000000000000E+00
   1   2   0    0.000000000000000E+00
        2        1           2        1
        9
  -1  -1   0    0.000000000000000E+00
  -1   0   0    0.000000000000000E+00
   0  -1   0    0.000000000000000E+00
   0   0   0    0.000000000000000E+00
   0   1   0    1.633896500000191E-01
   1   0   0    0.000000000000000E+00
   1   1   0   -1.633896500000191E-01
  -1  -2   0    0.000000000000000E+00
   1   2   0    0.000000000000000E+00
        2        2           2        1
        9
  -1  -1   0    0.000000000000000E+00
  -1   0   0    0.000000000000000E+00
   0  -1   0    0.000000000000000E+00
   0   0   0   -5.393974525000000E-01
   0   1   0   -2.563982724999999E-01
   1   0   0    0.000000000000000E+00
   1   1   0   -2.563982725000000E-01
  -1  -2   0    0.000000000000000E+00
   1   2   0    1.706688750006496E-02
        2        3           2        1
        9
  -1  -1   0    0.000000000000000E+00
  -1   0   0    0.000000000000000E+00
   0  -1   0    0.000000000000000E+00
   0   0   0    0.000000000000000E+00
   0   1   0    0.000000000000000E+00
   1   0   0    0.000000000000000E+00
   1   1   0    0.000000000000000E+00
  -1  -2   0    0.000000000000000E+00
   1   2   0    0.000000000000000E+00
        3        1           2        1
        9
  -1  -1   0    0.000000000000000E+00
  -1   0   0    0.000000000000000E+00
   0  -1   0    0.000000000000000E+00
   0   0   0    0.000000000000000E+00
   0   1   0    0.000000000000000E+00
   1   0   0    0.000000000000000E+00
   1   1   0    0.000000000000000E+00
  -1  -2   0    0.000000000000000E+00
   1   2   0    0.000000000000000E+00
        3        2           2        1
        9
  -1  -1   0    0.000000000000000E+00
  -1   0   0    0.000000000000000E+00
   0  -1   0    0.000000000000000E+00
   0   0   0    0.000000000000000E+00
   0   1   0    0.000000000000000E+00
   1   0   0    0.000000000000000E+00
   1   1   0    0.000000000000000E+00
  -1  -2   0    0.000000000000000E+00
   1   2   0    0.000000000000000E+00
        3        3           2        1
        9
  -1  -1   0    0.000000000000000E+00
  -1   0   0    0.000000000000000E+00
   0  -1   0    0.000000000000000E+00
   0   0   0   -1.221508975000000E-01
   0   1   0   -1.221508975000000E-01
   1   0   0    0.000000000000000E+00
   1   1   0   -1.221508975000000E-01
  -1  -2   0    0.000000000000000E+00
   1   2   0   -1.744222749998778E-02
        1        1           2        2
        9
  -1  -1   0   -1.214042499999998E-02
  -1   0   0   -1.084261875000000E-01
   0  -1   0   -1.214042499999998E-02
   0   0   0    1.304112775000000E+00
   0   1   0   -1.214042499999998E-02
   1   0   0   -1.084261875000000E-01
   1   1   0   -1.214042499999998E-02
  -1  -2   0    0.000000000000000E+00
   1   2   0    0.000000000000000E+00
        1        2           2        2
        9
  -1  -1   0   -5.559061000000000E-02
  -1   0   0    0.000000000000000E+00
   0  -1   0    5.559061000000000E-02
   0   0   0    0.000000000000000E+00
   0   1   0    5.559061000000000E-02
   1   0   0    0.000000000000000E+00
   1   1   0   -5.559061000000000E-02
  -1  -2   0    0.000000000000000E+00
   1   2   0    0.000000000000000E+00
        1        3           2        2
        9
  -1  -1   0    0.000000000000000E+00
  -1   0   0    0.000000000000000E+00
   0  -1   0    0.000000000000000E+00
   0   0   0    0.000000000000000E+00
   0   1   0    0.000000000000000E+00
   1   0   0    0.000000000000000E+00
   1   1   0    0.000000000000000E+00
  -1  -2   0    0.000000000000000E+00
   1   2   0    0.000000000000000E+00
        2        1           2        2
        9
  -1  -1   0   -5.559061000000000E-02
  -1   0   0    0.000000000000000E+00
   0  -1   0    5.559061000000000E-02
   0   0   0    0.000000000000000E+00
   0   1   0    5.559061000000000E-02
   1   0   0    0.000000000000000E+00
   1   1   0   -5.559061000000000E-02
  -1  -2   0    0.000000000000000E+00
   1   2   0    0.000000000000000E+00
        2        2           2        2
        9
  -1  -1   0   -7.633093249999998E-02
  -1   0   0    1.995482749999999E-02
   0  -1   0   -7.633093249999998E-02
   0   0   0    1.304112775000000E+00
   0   1   0   -7.633093249999998E-02
   1   0   0    1.995482749999999E-02
   1   1   0   -7.633093249999998E-02
  -1  -2   0    0.000000000000000E+00
   1   2   0    0.000000000000000E+00
        2        3           2        2
        9
  -1  -1   0    0.000000000000000E+00
  -1   0   0    0.000000000000000E+00
   0  -1   0    0.000000000000000E+00
   0   0   0    0.000000000000000E+00
   0   1   0    0.000000000000000E+00
   1   0   0    0.000000000000000E+00
   1   1   0    0.000000000000000E+00
  -1  -2   0    0.000000000000000E+00
   1   2   0    0.000000000000000E+00
        3        1           2        2
        9
  -1  -1   0    0.000000000000000E+00
  -1   0   0    0.000000000000000E+00
   0  -1   0    0.000000000000000E+00
   0   0   0    0.000000000000000E+00
   0   1   0    0.000000000000000E+00
   1   0   0    0.000000000000000E+00
   1   1   0    0.000000000000000E+00
  -1  -2   0    0.000000000000000E+00
   1   2   0    0.000000000000000E+00
        3        2           2        2
        9
  -1  -1   0    0.000000000000000E+00
  -1   0   0    0.000000000000000E+00
   0  -1   0    0.000000000000000E+00
   0   0   0    0.000000000000000E+00
   0   1   0    0.000000000000000E+00
   1   0   0    0.000000000000000E+00
   1   1   0    0.000000000000000E+00
  -1  -2   0    0.000000000000000E+00
   1   2   0    0.000000000000000E+00
        3        3           2        2
        9
  -1  -1   0    1.816704500000000E-02
  -1   0   0    1.816704499999999E-02
   0  -1   0    1.816704500000000E-02
   0   0   0    2.748374600000000E-01
   0   1   0    1.816704500000000E-02
   1   0   0    1.816704499999999E-02
   1   1   0    1.816704500000000E-02
  -1  -2   0    0.000000000000000E+00
   1   2   0    0.000000000000000E+00
