        1        2        2      10.2275255000000005       0.0000000000000000       0.0000000000000000       0.0000000000000000       0.0000000000000000       0.0000000000000000
        1  'Si '   25598.8229845269997895
        1        1       0.0000000000000000       0.0000000000000000       0.0000000000000000
        2        1       0.2500000000000000       0.2500000000000000       0.2500000000000000
      T
      23.8801188602220016       0.0000000000000000       0.0000000000000000
       0.0000000000000000      23.8801188602220016       0.0000000000000000
       0.0000000000000000       0.0000000000000000      23.8801188602220016

       0.0000000000000000       0.0000000000000000       0.0000000000000000
       0.0000000000000000       0.0000000000000000       0.0000000000000000
       0.0000000000000000       0.0000000000000000       0.0000000000000000

       0.0000000000000000       0.0000000000000000       0.0000000000000000
       0.0000000000000000       0.0000000000000000       0.0000000000000000
       0.0000000000000000       0.0000000000000000       0.0000000000000000

  This file only contains the header, no need for anything else
