Dynamical matrix file
Ph                                                                         
  1    2  2 10.3000000  0.0000000  0.0000000  0.0000000  0.0000000  0.0000000
           1  'Si  '    25598.822984527003     
    1    1      0.0000000000      0.0000000000      0.0000000000
    2    1      0.2500000000      0.2500000000      0.2500000000

     Dynamical  Matrix in cartesian axes

     q = (    0.000000000   0.000000000   0.000000000 ) 

    1    1
  0.26958904  0.00000000   -0.00000000  0.00000000   -0.00000000  0.00000000
 -0.00000000  0.00000000    0.26958904  0.00000000    0.00000000  0.00000000
 -0.00000000  0.00000000   -0.00000000  0.00000000    0.26958904  0.00000000
    1    2
 -0.26955013  0.00000000    0.00000000  0.00000000    0.00000000  0.00000000
  0.00000000  0.00000000   -0.26955013  0.00000000   -0.00000000  0.00000000
  0.00000000  0.00000000   -0.00000000  0.00000000   -0.26955013  0.00000000
    2    1
 -0.26955013  0.00000000   -0.00000000  0.00000000    0.00000000  0.00000000
 -0.00000000  0.00000000   -0.26955013  0.00000000    0.00000000  0.00000000
  0.00000000  0.00000000   -0.00000000  0.00000000   -0.26955013  0.00000000
    2    2
  0.26958904  0.00000000   -0.00000000  0.00000000   -0.00000000  0.00000000
 -0.00000000  0.00000000    0.26958904  0.00000000    0.00000000  0.00000000
 -0.00000000  0.00000000    0.00000000  0.00000000    0.26958904  0.00000000

     Dielectric Tensor:

         25.209319883657         -0.000000000000          0.000000000000
         -0.000000000000         25.209319883657         -0.000000000000
          0.000000000000         -0.000000000000         25.209319883657

     Effective Charges E-U: Z_{alpha}{s,beta}

     atom #    1
         -1.229722416636          0.000000000000         -0.000000000000
         -0.000000000000         -1.229722416636         -0.000000000000
          0.000000000000          0.000000000000         -1.229722416636
     atom #    2
         -1.229722416636          0.000000000000         -0.000000000000
          0.000000000000         -1.229722416636          0.000000000000
         -0.000000000000         -0.000000000000         -1.229722416636

     Effective Charges U-E: Z_{s,alpha}{beta}

     atom #    1
     -0.122972209834E+01     -0.222044604925E-14      0.444089209850E-15
     -0.310862446895E-14     -0.122972209834E+01     -0.444089209850E-15
      0.133226762955E-14      0.133226762955E-14     -0.122972209834E+01
     atom #    2
     -0.122972209834E+01     -0.444089209850E-15     -0.222044604925E-14
     -0.133226762955E-14     -0.122972209834E+01      0.222044604925E-14
     -0.222044604925E-14      0.133226762955E-14     -0.122972209834E+01

     Diagonalizing the dynamical matrix

     q = (    0.000000000   0.000000000   0.000000000 ) 

 **************************************************************************
     freq (    1) =       0.128251 [THz] =       4.277983 [cm-1]
 ( -0.010962  0.000000  0.544890  0.000000  0.450527  0.000000 ) 
 ( -0.010962  0.000000  0.544890  0.000000  0.450527  0.000000 ) 
     freq (    2) =       0.128251 [THz] =       4.277983 [cm-1]
 (  0.706825  0.000000 -0.002177  0.000000  0.019831  0.000000 ) 
 (  0.706825  0.000000 -0.002177  0.000000  0.019831  0.000000 ) 
     freq (    3) =       0.128251 [THz] =       4.277983 [cm-1]
 ( -0.016668  0.000000 -0.450655  0.000000  0.544639  0.000000 ) 
 ( -0.016668  0.000000 -0.450655  0.000000  0.544639  0.000000 ) 
     freq (    4) =      15.097863 [THz] =     503.610500 [cm-1]
 ( -0.443500  0.000000 -0.270058  0.000000  0.479976  0.000000 ) 
 (  0.443500 -0.000000  0.270058  0.000000 -0.479976  0.000000 ) 
     freq (    5) =      15.097863 [THz] =     503.610500 [cm-1]
 (  0.351423  0.000000  0.335720  0.000000  0.513609  0.000000 ) 
 ( -0.351423  0.000000 -0.335720  0.000000 -0.513609  0.000000 ) 
     freq (    6) =      15.097863 [THz] =     503.610500 [cm-1]
 (  0.424040  0.000000 -0.560679  0.000000  0.076350 -0.000000 ) 
 ( -0.424040  0.000000  0.560679 -0.000000 -0.076350  0.000000 ) 
 **************************************************************************
