Dynamical matrix file
Ph                                                                         
  1    2  2 10.3000000  0.0000000  0.0000000  0.0000000  0.0000000  0.0000000
           1  'Si  '    25598.822984527003     
    1    1      0.0000000000      0.0000000000      0.0000000000
    2    1      0.2500000000      0.2500000000      0.2500000000

     Dynamical  Matrix in cartesian axes

     q = (    0.500000000  -0.500000000   0.500000000 ) 

    1    1
  0.26590497  0.00000000   -0.02033538  0.00000000    0.02033538  0.00000000
 -0.02033538  0.00000000    0.26590497  0.00000000   -0.02033538  0.00000000
  0.02033538  0.00000000   -0.02033538  0.00000000    0.26590497  0.00000000
    1    2
 -0.14598301  0.00000000   -0.07471082  0.00000000    0.07471082  0.00000000
 -0.07471082  0.00000000   -0.14598301  0.00000000   -0.07471082  0.00000000
  0.07471082  0.00000000   -0.07471082  0.00000000   -0.14598301  0.00000000
    2    1
 -0.14598301  0.00000000   -0.07471082  0.00000000    0.07471082  0.00000000
 -0.07471082  0.00000000   -0.14598301  0.00000000   -0.07471082  0.00000000
  0.07471082  0.00000000   -0.07471082  0.00000000   -0.14598301  0.00000000
    2    2
  0.26590497  0.00000000   -0.02033538  0.00000000    0.02033538  0.00000000
 -0.02033538  0.00000000    0.26590497  0.00000000   -0.02033538  0.00000000
  0.02033538  0.00000000   -0.02033538  0.00000000    0.26590497  0.00000000

     Dynamical  Matrix in cartesian axes

     q = (    0.500000000   0.500000000   0.500000000 ) 

    1    1
  0.26590497  0.00000000    0.02033538  0.00000000    0.02033538  0.00000000
  0.02033538  0.00000000    0.26590497  0.00000000    0.02033538  0.00000000
  0.02033538  0.00000000    0.02033538  0.00000000    0.26590497  0.00000000
    1    2
  0.14598301  0.00000000   -0.07471082 -0.00000000   -0.07471082 -0.00000000
 -0.07471082 -0.00000000    0.14598301  0.00000000   -0.07471082 -0.00000000
 -0.07471082 -0.00000000   -0.07471082 -0.00000000    0.14598301  0.00000000
    2    1
  0.14598301 -0.00000000   -0.07471082  0.00000000   -0.07471082  0.00000000
 -0.07471082  0.00000000    0.14598301 -0.00000000   -0.07471082  0.00000000
 -0.07471082  0.00000000   -0.07471082  0.00000000    0.14598301 -0.00000000
    2    2
  0.26590497  0.00000000    0.02033538  0.00000000    0.02033538  0.00000000
  0.02033538  0.00000000    0.26590497  0.00000000    0.02033538  0.00000000
  0.02033538  0.00000000    0.02033538  0.00000000    0.26590497  0.00000000

     Dynamical  Matrix in cartesian axes

     q = (   -0.500000000   0.500000000   0.500000000 ) 

    1    1
  0.26590497  0.00000000   -0.02033538  0.00000000   -0.02033538  0.00000000
 -0.02033538  0.00000000    0.26590497  0.00000000    0.02033538  0.00000000
 -0.02033538  0.00000000    0.02033538  0.00000000    0.26590497  0.00000000
    1    2
 -0.14598301  0.00000000   -0.07471082  0.00000000   -0.07471082  0.00000000
 -0.07471082  0.00000000   -0.14598301  0.00000000    0.07471082  0.00000000
 -0.07471082  0.00000000    0.07471082  0.00000000   -0.14598301  0.00000000
    2    1
 -0.14598301  0.00000000   -0.07471082  0.00000000   -0.07471082  0.00000000
 -0.07471082  0.00000000   -0.14598301  0.00000000    0.07471082  0.00000000
 -0.07471082  0.00000000    0.07471082  0.00000000   -0.14598301  0.00000000
    2    2
  0.26590497  0.00000000   -0.02033538  0.00000000   -0.02033538  0.00000000
 -0.02033538  0.00000000    0.26590497  0.00000000    0.02033538  0.00000000
 -0.02033538  0.00000000    0.02033538  0.00000000    0.26590497  0.00000000

     Dynamical  Matrix in cartesian axes

     q = (    0.500000000   0.500000000  -0.500000000 ) 

    1    1
  0.26590497  0.00000000    0.02033538  0.00000000   -0.02033538  0.00000000
  0.02033538  0.00000000    0.26590497  0.00000000   -0.02033538  0.00000000
 -0.02033538  0.00000000   -0.02033538  0.00000000    0.26590497  0.00000000
    1    2
 -0.14598301  0.00000000    0.07471082  0.00000000   -0.07471082  0.00000000
  0.07471082  0.00000000   -0.14598301  0.00000000   -0.07471082  0.00000000
 -0.07471082  0.00000000   -0.07471082  0.00000000   -0.14598301  0.00000000
    2    1
 -0.14598301  0.00000000    0.07471082  0.00000000   -0.07471082  0.00000000
  0.07471082  0.00000000   -0.14598301  0.00000000   -0.07471082  0.00000000
 -0.07471082  0.00000000   -0.07471082  0.00000000   -0.14598301  0.00000000
    2    2
  0.26590497  0.00000000    0.02033538  0.00000000   -0.02033538  0.00000000
  0.02033538  0.00000000    0.26590497  0.00000000   -0.02033538  0.00000000
 -0.02033538  0.00000000   -0.02033538  0.00000000    0.26590497  0.00000000

     Diagonalizing the dynamical matrix

     q = (    0.500000000  -0.500000000   0.500000000 ) 

 **************************************************************************
     freq (    1) =       3.243047 [THz] =     108.176394 [cm-1]
 ( -0.021602  0.000000 -0.510451  0.000000 -0.488849  0.000000 ) 
 ( -0.021602  0.000000 -0.510451  0.000000 -0.488849  0.000000 ) 
     freq (    2) =       3.243047 [THz] =     108.176394 [cm-1]
 (  0.576946 -0.000000  0.269765  0.000000 -0.307181  0.000000 ) 
 (  0.576946 -0.000000  0.269765  0.000000 -0.307181  0.000000 ) 
     freq (    3) =      11.320995 [THz] =     377.627737 [cm-1]
 (  0.408248  0.000000 -0.408248  0.000000  0.408248  0.000000 ) 
 ( -0.408248  0.000000  0.408248  0.000000 -0.408248  0.000000 ) 
     freq (    4) =      11.448694 [THz] =     381.887330 [cm-1]
 (  0.408248  0.000000 -0.408248  0.000000  0.408248  0.000000 ) 
 (  0.408248  0.000000 -0.408248  0.000000  0.408248  0.000000 ) 
     freq (    5) =      14.040440 [THz] =     468.338656 [cm-1]
 (  0.471338  0.000000  0.524426  0.000000  0.053088  0.000000 ) 
 ( -0.471338  0.000000 -0.524426  0.000000 -0.053088  0.000000 ) 
     freq (    6) =      14.040440 [THz] =     468.338656 [cm-1]
 (  0.333428  0.000000 -0.241476  0.000000 -0.574904  0.000000 ) 
 ( -0.333428  0.000000  0.241476  0.000000  0.574904  0.000000 ) 
 **************************************************************************
