Dynamical matrix file
Ph                                                                         
  1    2  2 10.3000000  0.0000000  0.0000000  0.0000000  0.0000000  0.0000000
           1  'Si  '    25598.822984527003     
    1    1      0.0000000000      0.0000000000      0.0000000000
    2    1      0.2500000000      0.2500000000      0.2500000000

     Dynamical  Matrix in cartesian axes

     q = (    0.000000000   0.500000000   0.000000000 ) 

    1    1
  0.23870427  0.00000000    0.00000000  0.00000000   -0.00000000  0.00000000
  0.00000000  0.00000000    0.30506203  0.00000000    0.00000000  0.00000000
 -0.00000000  0.00000000    0.00000000  0.00000000    0.23870427  0.00000000
    1    2
 -0.12266416  0.12266416    0.00000000  0.00000000   -0.07580004 -0.07580004
  0.00000000  0.00000000   -0.13488367  0.13488367   -0.00000000 -0.00000000
 -0.07580004 -0.07580004    0.00000000  0.00000000   -0.12266416  0.12266416
    2    1
 -0.12266416 -0.12266416    0.00000000  0.00000000   -0.07580004  0.07580004
  0.00000000  0.00000000   -0.13488367 -0.13488367    0.00000000  0.00000000
 -0.07580004  0.07580004    0.00000000  0.00000000   -0.12266416 -0.12266416
    2    2
  0.23870427  0.00000000   -0.00000000  0.00000000    0.00000000  0.00000000
  0.00000000  0.00000000    0.30506203  0.00000000    0.00000000  0.00000000
  0.00000000  0.00000000    0.00000000  0.00000000    0.23870427  0.00000000

     Dynamical  Matrix in cartesian axes

     q = (    0.000000000  -0.500000000   0.000000000 ) 

    1    1
  0.23870427  0.00000000    0.00000000  0.00000000   -0.00000000  0.00000000
  0.00000000  0.00000000    0.30506203  0.00000000    0.00000000  0.00000000
 -0.00000000  0.00000000    0.00000000  0.00000000    0.23870427  0.00000000
    1    2
 -0.12266416 -0.12266416    0.00000000  0.00000000   -0.07580004  0.07580004
 -0.00000000 -0.00000000   -0.13488367 -0.13488367   -0.00000000  0.00000000
 -0.07580004  0.07580004    0.00000000  0.00000000   -0.12266416 -0.12266416
    2    1
 -0.12266416  0.12266416    0.00000000  0.00000000   -0.07580004 -0.07580004
  0.00000000  0.00000000   -0.13488367  0.13488367    0.00000000 -0.00000000
 -0.07580004 -0.07580004    0.00000000  0.00000000   -0.12266416  0.12266416
    2    2
  0.23870427  0.00000000    0.00000000  0.00000000   -0.00000000  0.00000000
 -0.00000000  0.00000000    0.30506203  0.00000000    0.00000000  0.00000000
 -0.00000000  0.00000000    0.00000000  0.00000000    0.23870427  0.00000000

     Dynamical  Matrix in cartesian axes

     q = (    0.500000000   0.000000000   0.000000000 ) 

    1    1
  0.30506203  0.00000000    0.00000000  0.00000000   -0.00000000  0.00000000
  0.00000000  0.00000000    0.23870427  0.00000000    0.00000000  0.00000000
 -0.00000000  0.00000000    0.00000000  0.00000000    0.23870427  0.00000000
    1    2
 -0.13488367  0.13488367    0.00000000  0.00000000   -0.00000000  0.00000000
  0.00000000  0.00000000   -0.12266416  0.12266416   -0.07580004 -0.07580004
  0.00000000  0.00000000   -0.07580004 -0.07580004   -0.12266416  0.12266416
    2    1
 -0.13488367 -0.13488367    0.00000000  0.00000000   -0.00000000  0.00000000
  0.00000000  0.00000000   -0.12266416 -0.12266416   -0.07580004  0.07580004
  0.00000000  0.00000000   -0.07580004  0.07580004   -0.12266416 -0.12266416
    2    2
  0.30506203  0.00000000   -0.00000000  0.00000000    0.00000000  0.00000000
  0.00000000  0.00000000    0.23870427  0.00000000    0.00000000  0.00000000
 -0.00000000  0.00000000   -0.00000000  0.00000000    0.23870427  0.00000000

     Dynamical  Matrix in cartesian axes

     q = (    0.000000000   0.000000000   0.500000000 ) 

    1    1
  0.23870427  0.00000000    0.00000000  0.00000000   -0.00000000  0.00000000
  0.00000000  0.00000000    0.23870427  0.00000000    0.00000000  0.00000000
  0.00000000  0.00000000    0.00000000  0.00000000    0.30506203  0.00000000
    1    2
 -0.12266416  0.12266416   -0.07580004 -0.07580004   -0.00000000 -0.00000000
 -0.07580004 -0.07580004   -0.12266416  0.12266416   -0.00000000 -0.00000000
  0.00000000  0.00000000   -0.00000000  0.00000000   -0.13488367  0.13488367
    2    1
 -0.12266416 -0.12266416   -0.07580004  0.07580004    0.00000000  0.00000000
 -0.07580004  0.07580004   -0.12266416 -0.12266416    0.00000000  0.00000000
  0.00000000 -0.00000000   -0.00000000 -0.00000000   -0.13488367 -0.13488367
    2    2
  0.23870427  0.00000000   -0.00000000  0.00000000   -0.00000000  0.00000000
 -0.00000000  0.00000000    0.23870427  0.00000000    0.00000000  0.00000000
 -0.00000000  0.00000000    0.00000000  0.00000000    0.30506203  0.00000000

     Dynamical  Matrix in cartesian axes

     q = (    0.000000000   0.000000000  -0.500000000 ) 

    1    1
  0.23870427  0.00000000    0.00000000  0.00000000   -0.00000000  0.00000000
  0.00000000  0.00000000    0.23870427  0.00000000    0.00000000  0.00000000
 -0.00000000  0.00000000    0.00000000  0.00000000    0.30506203  0.00000000
    1    2
 -0.12266416 -0.12266416   -0.07580004  0.07580004   -0.00000000  0.00000000
 -0.07580004  0.07580004   -0.12266416 -0.12266416   -0.00000000  0.00000000
  0.00000000 -0.00000000    0.00000000 -0.00000000   -0.13488367 -0.13488367
    2    1
 -0.12266416  0.12266416   -0.07580004 -0.07580004   -0.00000000  0.00000000
 -0.07580004 -0.07580004   -0.12266416  0.12266416   -0.00000000  0.00000000
  0.00000000  0.00000000    0.00000000  0.00000000   -0.13488367  0.13488367
    2    2
  0.23870427  0.00000000    0.00000000  0.00000000    0.00000000  0.00000000
  0.00000000  0.00000000    0.23870427  0.00000000    0.00000000  0.00000000
 -0.00000000  0.00000000    0.00000000  0.00000000    0.30506203  0.00000000

     Dynamical  Matrix in cartesian axes

     q = (   -0.500000000   0.000000000   0.000000000 ) 

    1    1
  0.30506203  0.00000000   -0.00000000  0.00000000   -0.00000000  0.00000000
 -0.00000000  0.00000000    0.23870427  0.00000000    0.00000000  0.00000000
  0.00000000  0.00000000    0.00000000  0.00000000    0.23870427  0.00000000
    1    2
 -0.13488367 -0.13488367   -0.00000000  0.00000000   -0.00000000  0.00000000
  0.00000000  0.00000000   -0.12266416 -0.12266416   -0.07580004  0.07580004
  0.00000000  0.00000000   -0.07580004  0.07580004   -0.12266416 -0.12266416
    2    1
 -0.13488367  0.13488367    0.00000000  0.00000000    0.00000000 -0.00000000
  0.00000000  0.00000000   -0.12266416  0.12266416   -0.07580004 -0.07580004
  0.00000000 -0.00000000   -0.07580004 -0.07580004   -0.12266416  0.12266416
    2    2
  0.30506203  0.00000000   -0.00000000  0.00000000    0.00000000  0.00000000
  0.00000000  0.00000000    0.23870427  0.00000000    0.00000000  0.00000000
 -0.00000000  0.00000000   -0.00000000  0.00000000    0.23870427  0.00000000

     Diagonalizing the dynamical matrix

     q = (    0.000000000   0.500000000   0.000000000 ) 

 **************************************************************************
     freq (    1) =       3.834797 [THz] =     127.915070 [cm-1]
 ( -0.194347  0.580129  0.000000  0.000000 -0.164601 -0.313985 ) 
 ( -0.643761  0.176530  0.000000  0.000000  0.233257  0.000000 ) 
     freq (    2) =       3.834797 [THz] =     127.915070 [cm-1]
 (  0.346336  0.075707  0.000000 -0.000000  0.508080 -0.340845 ) 
 (  0.224953 -0.061686  0.000000 -0.000000  0.667526  0.000000 ) 
     freq (    3) =       6.951889 [THz] =     231.890050 [cm-1]
 ( -0.000000 -0.000000  0.653258 -0.270655 -0.000000  0.000000 ) 
 (  0.000000 -0.000000  0.653305  0.270541 -0.000000  0.000000 ) 
     freq (    4) =      13.679926 [THz] =     456.313225 [cm-1]
 (  0.247426  0.294019  0.000000 -0.000000  0.405079 -0.433871 ) 
 (  0.038728 -0.013846 -0.000000 -0.000000 -0.705910  0.000000 ) 
     freq (    5) =      13.679926 [THz] =     456.313225 [cm-1]
 ( -0.272183  0.527494 -0.000000  0.000000 -0.360151 -0.134007 ) 
 (  0.664709 -0.237636  0.000000  0.000000  0.041129  0.000000 ) 
     freq (    6) =      14.478563 [THz] =     482.952870 [cm-1]
 ( -0.000000  0.000000  0.561460 -0.429840 -0.000000  0.000000 ) 
 (  0.000000 -0.000000 -0.700955 -0.093069  0.000000  0.000000 ) 
 **************************************************************************
