Dynamical matrix file
Ph                                                                         
  1    2   2  10.3000000   0.0000000   0.0000000   0.0000000   0.0000000   0.0000000
           1  'Si  '    25598.823011949724     
    1    1      0.0000000000      0.0000000000      0.0000000000
    2    1      0.2500000000      0.2500000000      0.2500000000

     Dynamical  Matrix in cartesian axes

     q = (    0.500000000   0.000000000   0.500000000 ) 

    1    1
  0.25032363   0.00000000     0.00000000   0.00748657     0.01139424   0.00000000
  0.00000000  -0.00748657     0.26629634   0.00000000     0.00000000  -0.00748657
  0.01139424   0.00000000     0.00000000   0.00748657     0.25032363   0.00000000
    1    2
  0.00000000   0.12099269    -0.07636857  -0.00000000     0.00000000  -0.07573617
 -0.07636857  -0.00000000    -0.00000000   0.13717140    -0.07636857   0.00000000
  0.00000000  -0.07573617    -0.07636857   0.00000000    -0.00000000   0.12099269
    2    1
  0.00000000  -0.12099269    -0.07636857   0.00000000     0.00000000   0.07573617
 -0.07636857   0.00000000    -0.00000000  -0.13717140    -0.07636857  -0.00000000
  0.00000000   0.07573617    -0.07636857  -0.00000000    -0.00000000  -0.12099269
    2    2
  0.25032363   0.00000000     0.00000000  -0.00748657     0.01139424   0.00000000
  0.00000000   0.00748657     0.26629634   0.00000000     0.00000000   0.00748657
  0.01139424   0.00000000     0.00000000  -0.00748657     0.25032363   0.00000000

     Dynamical  Matrix in cartesian axes

     q = (   -0.500000000   0.000000000   0.500000000 ) 

    1    1
  0.25032363   0.00000000     0.00000000   0.00748657    -0.01139424   0.00000000
  0.00000000  -0.00748657     0.26629634   0.00000000    -0.00000000   0.00748657
 -0.01139424   0.00000000     0.00000000  -0.00748657     0.25032363   0.00000000
    1    2
 -0.12099269   0.00000000     0.00000000  -0.07636857    -0.07573617   0.00000000
  0.00000000  -0.07636857    -0.13717140   0.00000000     0.00000000   0.07636857
 -0.07573617   0.00000000     0.00000000   0.07636857    -0.12099269   0.00000000
    2    1
 -0.12099269   0.00000000     0.00000000   0.07636857    -0.07573617   0.00000000
  0.00000000   0.07636857    -0.13717140   0.00000000     0.00000000  -0.07636857
 -0.07573617   0.00000000     0.00000000  -0.07636857    -0.12099269   0.00000000
    2    2
  0.25032363   0.00000000     0.00000000  -0.00748657    -0.01139424   0.00000000
  0.00000000   0.00748657     0.26629634   0.00000000    -0.00000000  -0.00748657
 -0.01139424   0.00000000     0.00000000   0.00748657     0.25032363   0.00000000

     Dynamical  Matrix in cartesian axes

     q = (   -0.500000000   0.000000000  -0.500000000 ) 

    1    1
  0.25032363   0.00000000     0.00000000  -0.00748657     0.01139424   0.00000000
  0.00000000   0.00748657     0.26629634   0.00000000     0.00000000   0.00748657
  0.01139424   0.00000000     0.00000000  -0.00748657     0.25032363   0.00000000
    1    2
  0.00000000  -0.12099269    -0.07636857   0.00000000     0.00000000   0.07573617
 -0.07636857   0.00000000    -0.00000000  -0.13717140    -0.07636857  -0.00000000
  0.00000000   0.07573617    -0.07636857  -0.00000000    -0.00000000  -0.12099269
    2    1
 -0.00000000   0.12099269    -0.07636857  -0.00000000    -0.00000000  -0.07573617
 -0.07636857  -0.00000000    -0.00000000   0.13717140    -0.07636857   0.00000000
  0.00000000  -0.07573617    -0.07636857   0.00000000    -0.00000000   0.12099269
    2    2
  0.25032363   0.00000000     0.00000000   0.00748657     0.01139424   0.00000000
  0.00000000  -0.00748657     0.26629634   0.00000000     0.00000000  -0.00748657
  0.01139424   0.00000000     0.00000000   0.00748657     0.25032363   0.00000000

     Dynamical  Matrix in cartesian axes

     q = (    0.500000000   0.000000000  -0.500000000 ) 

    1    1
  0.25032363   0.00000000     0.00000000  -0.00748657    -0.01139424   0.00000000
  0.00000000   0.00748657     0.26629634   0.00000000    -0.00000000  -0.00748657
 -0.01139424   0.00000000     0.00000000   0.00748657     0.25032363   0.00000000
    1    2
 -0.12099269  -0.00000000     0.00000000   0.07636857    -0.07573617   0.00000000
  0.00000000   0.07636857    -0.13717140  -0.00000000     0.00000000  -0.07636857
 -0.07573617   0.00000000     0.00000000  -0.07636857    -0.12099269  -0.00000000
    2    1
 -0.12099269   0.00000000     0.00000000  -0.07636857    -0.07573617   0.00000000
  0.00000000  -0.07636857    -0.13717140   0.00000000     0.00000000   0.07636857
 -0.07573617   0.00000000     0.00000000   0.07636857    -0.12099269   0.00000000
    2    2
  0.25032363   0.00000000     0.00000000   0.00748657    -0.01139424   0.00000000
  0.00000000  -0.00748657     0.26629634   0.00000000    -0.00000000   0.00748657
 -0.01139424   0.00000000     0.00000000  -0.00748657     0.25032363   0.00000000

     Dynamical  Matrix in cartesian axes

     q = (    0.000000000   0.500000000  -0.500000000 ) 

    1    1
  0.26629634   0.00000000     0.00000000   0.00748657     0.00000000  -0.00748657
  0.00000000  -0.00748657     0.25032363   0.00000000    -0.01139424   0.00000000
  0.00000000   0.00748657    -0.01139424   0.00000000     0.25032363   0.00000000
    1    2
 -0.13717140  -0.00000000     0.00000000   0.07636857     0.00000000  -0.07636857
  0.00000000   0.07636857    -0.12099269  -0.00000000    -0.07573617   0.00000000
  0.00000000  -0.07636857    -0.07573617   0.00000000    -0.12099269  -0.00000000
    2    1
 -0.13717140   0.00000000     0.00000000  -0.07636857     0.00000000   0.07636857
  0.00000000  -0.07636857    -0.12099269   0.00000000    -0.07573617   0.00000000
  0.00000000   0.07636857    -0.07573617   0.00000000    -0.12099269   0.00000000
    2    2
  0.26629634   0.00000000     0.00000000  -0.00748657     0.00000000   0.00748657
  0.00000000   0.00748657     0.25032363   0.00000000    -0.01139424   0.00000000
  0.00000000  -0.00748657    -0.01139424   0.00000000     0.25032363   0.00000000

     Dynamical  Matrix in cartesian axes

     q = (   -0.500000000   0.500000000   0.000000000 ) 

    1    1
  0.25032363   0.00000000    -0.01139424   0.00000000    -0.00000000   0.00748657
 -0.01139424   0.00000000     0.25032363   0.00000000    -0.00000000  -0.00748657
  0.00000000  -0.00748657     0.00000000   0.00748657     0.26629634   0.00000000
    1    2
 -0.12099269  -0.00000000    -0.07573617   0.00000000     0.00000000  -0.07636857
 -0.07573617   0.00000000    -0.12099269  -0.00000000     0.00000000   0.07636857
  0.00000000  -0.07636857     0.00000000   0.07636857    -0.13717140  -0.00000000
    2    1
 -0.12099269  -0.00000000    -0.07573617  -0.00000000     0.00000000   0.07636857
 -0.07573617   0.00000000    -0.12099269   0.00000000     0.00000000  -0.07636857
  0.00000000   0.07636857     0.00000000  -0.07636857    -0.13717140   0.00000000
    2    2
  0.25032363   0.00000000    -0.01139424   0.00000000    -0.00000000  -0.00748657
 -0.01139424   0.00000000     0.25032363   0.00000000    -0.00000000   0.00748657
  0.00000000   0.00748657     0.00000000  -0.00748657     0.26629634   0.00000000

     Dynamical  Matrix in cartesian axes

     q = (    0.000000000   0.500000000   0.500000000 ) 

    1    1
  0.26629634   0.00000000     0.00000000  -0.00748657     0.00000000  -0.00748657
  0.00000000   0.00748657     0.25032363   0.00000000     0.01139424   0.00000000
  0.00000000   0.00748657     0.01139424   0.00000000     0.25032363   0.00000000
    1    2
 -0.00000000   0.13717140    -0.07636857   0.00000000    -0.07636857   0.00000000
 -0.07636857   0.00000000     0.00000000   0.12099269     0.00000000  -0.07573617
 -0.07636857   0.00000000    -0.00000000  -0.07573617     0.00000000   0.12099269
    2    1
 -0.00000000  -0.13717140    -0.07636857   0.00000000    -0.07636857   0.00000000
 -0.07636857   0.00000000     0.00000000  -0.12099269     0.00000000   0.07573617
 -0.07636857   0.00000000     0.00000000   0.07573617    -0.00000000  -0.12099269
    2    2
  0.26629634   0.00000000     0.00000000   0.00748657     0.00000000   0.00748657
  0.00000000  -0.00748657     0.25032363   0.00000000     0.01139424   0.00000000
  0.00000000  -0.00748657     0.01139424   0.00000000     0.25032363   0.00000000

     Dynamical  Matrix in cartesian axes

     q = (    0.000000000  -0.500000000  -0.500000000 ) 

    1    1
  0.26629634   0.00000000     0.00000000   0.00748657     0.00000000   0.00748657
  0.00000000  -0.00748657     0.25032363   0.00000000     0.01139424   0.00000000
  0.00000000  -0.00748657     0.01139424   0.00000000     0.25032363   0.00000000
    1    2
 -0.00000000  -0.13717140    -0.07636857   0.00000000    -0.07636857   0.00000000
 -0.07636857   0.00000000     0.00000000  -0.12099269     0.00000000   0.07573617
 -0.07636857   0.00000000     0.00000000   0.07573617    -0.00000000  -0.12099269
    2    1
 -0.00000000   0.13717140    -0.07636857   0.00000000    -0.07636857   0.00000000
 -0.07636857   0.00000000     0.00000000   0.12099269     0.00000000  -0.07573617
 -0.07636857   0.00000000     0.00000000  -0.07573617    -0.00000000   0.12099269
    2    2
  0.26629634   0.00000000     0.00000000  -0.00748657     0.00000000  -0.00748657
  0.00000000   0.00748657     0.25032363   0.00000000     0.01139424   0.00000000
  0.00000000   0.00748657     0.01139424   0.00000000     0.25032363   0.00000000

     Dynamical  Matrix in cartesian axes

     q = (    0.500000000   0.500000000   0.000000000 ) 

    1    1
  0.25032363   0.00000000     0.01139424   0.00000000     0.00000000   0.00748657
  0.01139424   0.00000000     0.25032363   0.00000000     0.00000000   0.00748657
  0.00000000  -0.00748657     0.00000000  -0.00748657     0.26629634   0.00000000
    1    2
 -0.00000000   0.12099269     0.00000000  -0.07573617    -0.07636857  -0.00000000
  0.00000000  -0.07573617    -0.00000000   0.12099269    -0.07636857   0.00000000
 -0.07636857  -0.00000000    -0.07636857   0.00000000    -0.00000000   0.13717140
    2    1
  0.00000000  -0.12099269     0.00000000   0.07573617    -0.07636857   0.00000000
  0.00000000   0.07573617    -0.00000000  -0.12099269    -0.07636857  -0.00000000
 -0.07636857   0.00000000    -0.07636857   0.00000000    -0.00000000  -0.13717140
    2    2
  0.25032363   0.00000000     0.01139424   0.00000000     0.00000000  -0.00748657
  0.01139424   0.00000000     0.25032363   0.00000000     0.00000000  -0.00748657
  0.00000000   0.00748657     0.00000000   0.00748657     0.26629634   0.00000000

     Dynamical  Matrix in cartesian axes

     q = (    0.500000000  -0.500000000   0.000000000 ) 

    1    1
  0.25032363   0.00000000    -0.01139424   0.00000000    -0.00000000  -0.00748657
 -0.01139424   0.00000000     0.25032363   0.00000000    -0.00000000   0.00748657
  0.00000000   0.00748657     0.00000000  -0.00748657     0.26629634   0.00000000
    1    2
 -0.12099269  -0.00000000    -0.07573617  -0.00000000     0.00000000   0.07636857
 -0.07573617   0.00000000    -0.12099269  -0.00000000     0.00000000  -0.07636857
  0.00000000   0.07636857     0.00000000  -0.07636857    -0.13717140  -0.00000000
    2    1
 -0.12099269  -0.00000000    -0.07573617   0.00000000     0.00000000  -0.07636857
 -0.07573617   0.00000000    -0.12099269  -0.00000000     0.00000000   0.07636857
  0.00000000  -0.07636857     0.00000000   0.07636857    -0.13717140  -0.00000000
    2    2
  0.25032363   0.00000000    -0.01139424   0.00000000    -0.00000000   0.00748657
 -0.01139424   0.00000000     0.25032363   0.00000000    -0.00000000  -0.00748657
  0.00000000  -0.00748657     0.00000000   0.00748657     0.26629634   0.00000000

     Dynamical  Matrix in cartesian axes

     q = (   -0.500000000  -0.500000000   0.000000000 ) 

    1    1
  0.25032363   0.00000000     0.01139424   0.00000000     0.00000000  -0.00748657
  0.01139424   0.00000000     0.25032363   0.00000000     0.00000000  -0.00748657
  0.00000000   0.00748657     0.00000000   0.00748657     0.26629634   0.00000000
    1    2
 -0.00000000  -0.12099269     0.00000000   0.07573617    -0.07636857   0.00000000
  0.00000000   0.07573617    -0.00000000  -0.12099269    -0.07636857   0.00000000
 -0.07636857  -0.00000000    -0.07636857  -0.00000000    -0.00000000  -0.13717140
    2    1
 -0.00000000   0.12099269     0.00000000  -0.07573617    -0.07636857   0.00000000
  0.00000000  -0.07573617    -0.00000000   0.12099269    -0.07636857   0.00000000
 -0.07636857   0.00000000    -0.07636857   0.00000000    -0.00000000   0.13717140
    2    2
  0.25032363   0.00000000     0.01139424   0.00000000     0.00000000   0.00748657
  0.01139424   0.00000000     0.25032363   0.00000000     0.00000000   0.00748657
  0.00000000  -0.00748657     0.00000000  -0.00748657     0.26629634   0.00000000

     Dynamical  Matrix in cartesian axes

     q = (    0.000000000  -0.500000000   0.500000000 ) 

    1    1
  0.26629634   0.00000000     0.00000000  -0.00748657     0.00000000   0.00748657
  0.00000000   0.00748657     0.25032363   0.00000000    -0.01139424   0.00000000
  0.00000000  -0.00748657    -0.01139424   0.00000000     0.25032363   0.00000000
    1    2
 -0.13717140  -0.00000000     0.00000000  -0.07636857     0.00000000   0.07636857
  0.00000000  -0.07636857    -0.12099269  -0.00000000    -0.07573617   0.00000000
  0.00000000   0.07636857    -0.07573617   0.00000000    -0.12099269  -0.00000000
    2    1
 -0.13717140   0.00000000     0.00000000   0.07636857     0.00000000  -0.07636857
  0.00000000   0.07636857    -0.12099269   0.00000000    -0.07573617   0.00000000
  0.00000000  -0.07636857    -0.07573617   0.00000000    -0.12099269   0.00000000
    2    2
  0.26629634   0.00000000     0.00000000   0.00748657     0.00000000  -0.00748657
  0.00000000  -0.00748657     0.25032363   0.00000000    -0.01139424   0.00000000
  0.00000000   0.00748657    -0.01139424   0.00000000     0.25032363   0.00000000

     Diagonalizing the dynamical matrix

     q = (    0.500000000   0.000000000   0.500000000 ) 

 **************************************************************************
     freq (    1) =       4.224001 [THz] =     140.897499 [cm-1]
 (  0.000000 -0.500000 -0.000000 -0.000000  0.000000  0.500000 ) 
 (  0.500000 -0.000000  0.000000 -0.000000 -0.500000  0.000000 ) 
     freq (    2) =       6.035274 [THz] =     201.315085 [cm-1]
 (  0.000000 -0.201806 -0.646953  0.000000 -0.000000 -0.201806 ) 
 ( -0.201806  0.000000 -0.000000 -0.646953 -0.201806  0.000000 ) 
     freq (    3) =       8.197692 [THz] =     273.445560 [cm-1]
 (  0.000000 -0.449883  0.308563 -0.000000  0.000000 -0.449883 ) 
 (  0.449883  0.000000  0.000000 -0.308563  0.449883  0.000000 ) 
     freq (    4) =      12.163724 [THz] =     405.738152 [cm-1]
 (  0.000000 -0.457465  0.285397 -0.000000  0.000000 -0.457465 ) 
 ( -0.457465 -0.000000  0.000000  0.285397 -0.457465  0.000000 ) 
     freq (    5) =      13.571817 [THz] =     452.707101 [cm-1]
 (  0.000000 -0.500000 -0.000000  0.000000 -0.000000  0.500000 ) 
 ( -0.500000 -0.000000 -0.000000  0.000000  0.500000  0.000000 ) 
     freq (    6) =      13.960692 [THz] =     465.678544 [cm-1]
 ( -0.000000 -0.218187 -0.636230  0.000000  0.000000 -0.218187 ) 
 (  0.218187 -0.000000  0.000000  0.636230  0.218187  0.000000 ) 
 **************************************************************************
