Dynamical matrix file
Ph                                                                         
  1    2  2 10.3000000  0.0000000  0.0000000  0.0000000  0.0000000  0.0000000
           1  'Si  '    25598.822984527003     
    1    1      0.0000000000      0.0000000000      0.0000000000
    2    1      0.2500000000      0.2500000000      0.2500000000

     Dynamical  Matrix in cartesian axes

     q = (    0.000000000  -1.000000000   0.000000000 ) 

    1    1
  0.21989297  0.00000000    0.00000000  0.00000000    0.00000000  0.00000000
  0.00000000  0.00000000    0.32604337  0.00000000    0.00000000  0.00000000
  0.00000000  0.00000000    0.00000000  0.00000000    0.21989297  0.00000000
    1    2
  0.00000000  0.00000000    0.00000000 -0.00000000   -0.17569225  0.00000000
  0.00000000 -0.00000000   -0.00000000  0.00000000   -0.00000000 -0.00000000
 -0.17569225  0.00000000    0.00000000  0.00000000    0.00000000  0.00000000
    2    1
 -0.00000000 -0.00000000   -0.00000000  0.00000000   -0.17569225 -0.00000000
 -0.00000000 -0.00000000   -0.00000000 -0.00000000    0.00000000 -0.00000000
 -0.17569225 -0.00000000    0.00000000  0.00000000   -0.00000000 -0.00000000
    2    2
  0.21989297  0.00000000    0.00000000  0.00000000   -0.00000000  0.00000000
  0.00000000  0.00000000    0.32604337  0.00000000   -0.00000000  0.00000000
  0.00000000  0.00000000    0.00000000  0.00000000    0.21989297  0.00000000

     Dynamical  Matrix in cartesian axes

     q = (   -1.000000000   0.000000000   0.000000000 ) 

    1    1
  0.32604337  0.00000000   -0.00000000  0.00000000    0.00000000  0.00000000
 -0.00000000  0.00000000    0.21989297  0.00000000   -0.00000000  0.00000000
  0.00000000  0.00000000    0.00000000  0.00000000    0.21989297  0.00000000
    1    2
  0.00000000  0.00000000    0.00000000  0.00000000   -0.00000000  0.00000000
  0.00000000 -0.00000000    0.00000000  0.00000000   -0.17569225  0.00000000
  0.00000000  0.00000000   -0.17569225  0.00000000   -0.00000000  0.00000000
    2    1
 -0.00000000 -0.00000000   -0.00000000  0.00000000    0.00000000  0.00000000
  0.00000000 -0.00000000   -0.00000000 -0.00000000   -0.17569225 -0.00000000
 -0.00000000  0.00000000   -0.17569225 -0.00000000   -0.00000000 -0.00000000
    2    2
  0.32604337  0.00000000    0.00000000  0.00000000   -0.00000000  0.00000000
 -0.00000000  0.00000000    0.21989297  0.00000000    0.00000000  0.00000000
 -0.00000000  0.00000000    0.00000000  0.00000000    0.21989297  0.00000000

     Dynamical  Matrix in cartesian axes

     q = (    0.000000000   0.000000000  -1.000000000 ) 

    1    1
  0.21989297  0.00000000   -0.00000000  0.00000000    0.00000000  0.00000000
 -0.00000000  0.00000000    0.21989297  0.00000000    0.00000000  0.00000000
 -0.00000000  0.00000000   -0.00000000  0.00000000    0.32604337  0.00000000
    1    2
 -0.00000000  0.00000000   -0.17569225  0.00000000   -0.00000000 -0.00000000
 -0.17569225  0.00000000    0.00000000  0.00000000    0.00000000  0.00000000
  0.00000000 -0.00000000    0.00000000 -0.00000000    0.00000000  0.00000000
    2    1
 -0.00000000 -0.00000000   -0.17569225 -0.00000000   -0.00000000  0.00000000
 -0.17569225 -0.00000000    0.00000000 -0.00000000    0.00000000  0.00000000
 -0.00000000  0.00000000    0.00000000  0.00000000   -0.00000000  0.00000000
    2    2
  0.21989297  0.00000000   -0.00000000  0.00000000   -0.00000000  0.00000000
 -0.00000000  0.00000000    0.21989297  0.00000000    0.00000000  0.00000000
 -0.00000000  0.00000000    0.00000000  0.00000000    0.32604337  0.00000000

     Diagonalizing the dynamical matrix

     q = (    0.000000000  -1.000000000   0.000000000 ) 

 **************************************************************************
     freq (    1) =       4.322945 [THz] =     144.197908 [cm-1]
 (  0.335685  0.000000  0.000000  0.000000  0.622347  0.000000 ) 
 (  0.622347  0.000000 -0.000000  0.000000  0.335685  0.000000 ) 
     freq (    2) =       4.322945 [THz] =     144.197908 [cm-1]
 (  0.622347  0.000000 -0.000000  0.000000 -0.335685  0.000000 ) 
 ( -0.335685  0.000000 -0.000000  0.000000  0.622347  0.000000 ) 
     freq (    3) =      11.740936 [THz] =     391.635471 [cm-1]
 (  0.000000  0.000000 -0.724183  0.000000 -0.000000  0.000000 ) 
 (  0.000000  0.000000  0.689608  0.000000 -0.000000  0.000000 ) 
     freq (    4) =      11.740936 [THz] =     391.635471 [cm-1]
 (  0.000000  0.000000  0.689608  0.000000  0.000000  0.000000 ) 
 ( -0.000000  0.000000  0.724183  0.000000  0.000000  0.000000 ) 
     freq (    5) =      12.932577 [THz] =     431.384327 [cm-1]
 ( -0.617492  0.000000  0.000000  0.000000 -0.344533  0.000000 ) 
 (  0.344533  0.000000  0.000000  0.000000  0.617492  0.000000 ) 
     freq (    6) =      12.932577 [THz] =     431.384327 [cm-1]
 (  0.344533  0.000000  0.000000  0.000000 -0.617492  0.000000 ) 
 (  0.617492  0.000000 -0.000000  0.000000 -0.344533  0.000000 ) 
 **************************************************************************
