Dynamical matrix file
Ph                                                                         
  1    2   2  10.3000000   0.0000000   0.0000000   0.0000000   0.0000000   0.0000000
           1  'Si  '    25598.823011949724     
    1    1      0.0000000000      0.0000000000      0.0000000000
    2    1      0.2500000000      0.2500000000      0.2500000000

     Dynamical  Matrix in cartesian axes

     q = (   -0.500000000  -1.000000000   0.000000000 ) 

    1    1
  0.22375865   0.00000000     0.00000000   0.00000000     0.00000000   0.00000000
 -0.00000000   0.00000000     0.26082456   0.00000000    -0.00000000  -0.01683898
  0.00000000   0.00000000     0.00000000   0.01683898     0.26082456   0.00000000
    1    2
 -0.00000000   0.00000000    -0.07563878   0.07563878    -0.07563878  -0.07563878
 -0.07563878   0.07563878    -0.00000000   0.00000000     0.00000000   0.00000000
 -0.07563878  -0.07563878     0.00000000   0.00000000    -0.00000000   0.00000000
    2    1
 -0.00000000   0.00000000    -0.07563878  -0.07563878    -0.07563878   0.07563878
 -0.07563878  -0.07563878    -0.00000000   0.00000000    -0.00000000   0.00000000
 -0.07563878   0.07563878     0.00000000   0.00000000     0.00000000   0.00000000
    2    2
  0.22375865   0.00000000     0.00000000   0.00000000     0.00000000   0.00000000
 -0.00000000   0.00000000     0.26082456   0.00000000    -0.00000000   0.01683898
  0.00000000   0.00000000     0.00000000  -0.01683898     0.26082456   0.00000000

     Dynamical  Matrix in cartesian axes

     q = (    0.000000000   1.000000000   0.500000000 ) 

    1    1
  0.26082456   0.00000000     0.00000000  -0.01683898     0.00000000   0.00000000
  0.00000000   0.01683898     0.26082456   0.00000000     0.00000000   0.00000000
  0.00000000   0.00000000     0.00000000   0.00000000     0.22375865   0.00000000
    1    2
  0.00000000  -0.00000000     0.00000000   0.00000000    -0.07563878   0.07563878
  0.00000000   0.00000000     0.00000000  -0.00000000    -0.07563878  -0.07563878
 -0.07563878   0.07563878    -0.07563878  -0.07563878    -0.00000000  -0.00000000
    2    1
 -0.00000000   0.00000000    -0.00000000   0.00000000    -0.07563878  -0.07563878
 -0.00000000  -0.00000000    -0.00000000  -0.00000000    -0.07563878   0.07563878
 -0.07563878  -0.07563878    -0.07563878   0.07563878    -0.00000000   0.00000000
    2    2
  0.26082456   0.00000000     0.00000000   0.01683898     0.00000000   0.00000000
  0.00000000  -0.01683898     0.26082456   0.00000000     0.00000000   0.00000000
  0.00000000   0.00000000     0.00000000   0.00000000     0.22375865   0.00000000

     Dynamical  Matrix in cartesian axes

     q = (    0.000000000  -1.000000000  -0.500000000 ) 

    1    1
  0.26082456   0.00000000     0.00000000   0.01683898     0.00000000   0.00000000
  0.00000000  -0.01683898     0.26082456   0.00000000     0.00000000   0.00000000
  0.00000000   0.00000000     0.00000000   0.00000000     0.22375865   0.00000000
    1    2
  0.00000000   0.00000000    -0.00000000   0.00000000    -0.07563878  -0.07563878
  0.00000000   0.00000000    -0.00000000  -0.00000000    -0.07563878   0.07563878
 -0.07563878  -0.07563878    -0.07563878   0.07563878     0.00000000  -0.00000000
    2    1
 -0.00000000  -0.00000000     0.00000000   0.00000000    -0.07563878   0.07563878
 -0.00000000   0.00000000     0.00000000  -0.00000000    -0.07563878  -0.07563878
 -0.07563878   0.07563878    -0.07563878  -0.07563878    -0.00000000  -0.00000000
    2    2
  0.26082456   0.00000000     0.00000000  -0.01683898     0.00000000   0.00000000
  0.00000000   0.01683898     0.26082456   0.00000000     0.00000000   0.00000000
  0.00000000   0.00000000     0.00000000   0.00000000     0.22375865   0.00000000

     Dynamical  Matrix in cartesian axes

     q = (    0.500000000   1.000000000   0.000000000 ) 

    1    1
  0.22375865   0.00000000     0.00000000   0.00000000     0.00000000   0.00000000
 -0.00000000   0.00000000     0.26082456   0.00000000    -0.00000000   0.01683898
  0.00000000   0.00000000     0.00000000  -0.01683898     0.26082456   0.00000000
    1    2
 -0.00000000   0.00000000    -0.07563878  -0.07563878    -0.07563878   0.07563878
 -0.07563878  -0.07563878    -0.00000000   0.00000000    -0.00000000   0.00000000
 -0.07563878   0.07563878     0.00000000   0.00000000     0.00000000   0.00000000
    2    1
 -0.00000000   0.00000000    -0.07563878   0.07563878    -0.07563878  -0.07563878
 -0.07563878   0.07563878    -0.00000000   0.00000000     0.00000000  -0.00000000
 -0.07563878  -0.07563878     0.00000000  -0.00000000    -0.00000000   0.00000000
    2    2
  0.22375865   0.00000000     0.00000000   0.00000000     0.00000000   0.00000000
 -0.00000000   0.00000000     0.26082456   0.00000000    -0.00000000  -0.01683898
  0.00000000   0.00000000     0.00000000   0.01683898     0.26082456   0.00000000

     Dynamical  Matrix in cartesian axes

     q = (   -1.000000000  -0.500000000   0.000000000 ) 

    1    1
  0.26082456   0.00000000     0.00000000   0.00000000     0.00000000  -0.01683898
  0.00000000   0.00000000     0.22375865   0.00000000     0.00000000   0.00000000
  0.00000000   0.01683898     0.00000000   0.00000000     0.26082456   0.00000000
    1    2
  0.00000000   0.00000000    -0.07563878   0.07563878     0.00000000   0.00000000
 -0.07563878   0.07563878    -0.00000000   0.00000000    -0.07563878  -0.07563878
  0.00000000   0.00000000    -0.07563878  -0.07563878     0.00000000   0.00000000
    2    1
 -0.00000000   0.00000000    -0.07563878  -0.07563878    -0.00000000   0.00000000
 -0.07563878  -0.07563878     0.00000000   0.00000000    -0.07563878   0.07563878
 -0.00000000   0.00000000    -0.07563878   0.07563878    -0.00000000   0.00000000
    2    2
  0.26082456   0.00000000     0.00000000   0.00000000     0.00000000   0.01683898
  0.00000000   0.00000000     0.22375865   0.00000000     0.00000000   0.00000000
  0.00000000  -0.01683898     0.00000000   0.00000000     0.26082456   0.00000000

     Dynamical  Matrix in cartesian axes

     q = (    0.000000000  -0.500000000  -1.000000000 ) 

    1    1
  0.26082456   0.00000000     0.00000000   0.00000000     0.00000000   0.01683898
  0.00000000   0.00000000     0.22375865   0.00000000     0.00000000   0.00000000
  0.00000000  -0.01683898     0.00000000   0.00000000     0.26082456   0.00000000
    1    2
  0.00000000   0.00000000    -0.07563878  -0.07563878     0.00000000   0.00000000
 -0.07563878  -0.07563878     0.00000000  -0.00000000    -0.07563878   0.07563878
  0.00000000   0.00000000    -0.07563878   0.07563878     0.00000000  -0.00000000
    2    1
  0.00000000  -0.00000000    -0.07563878   0.07563878     0.00000000  -0.00000000
 -0.07563878   0.07563878     0.00000000   0.00000000    -0.07563878  -0.07563878
  0.00000000  -0.00000000    -0.07563878  -0.07563878     0.00000000  -0.00000000
    2    2
  0.26082456   0.00000000     0.00000000   0.00000000     0.00000000  -0.01683898
  0.00000000   0.00000000     0.22375865   0.00000000     0.00000000   0.00000000
  0.00000000   0.01683898     0.00000000   0.00000000     0.26082456   0.00000000

     Diagonalizing the dynamical matrix

     q = (   -0.500000000  -1.000000000   0.000000000 ) 

 **************************************************************************
     freq (    1) =       6.405687 [THz] =     213.670717 [cm-1]
 (  0.317570  0.317570 -0.075154  0.360208 -0.360208 -0.075154 ) 
 ( -0.519784  0.340329 -0.000000  0.265991  0.265991  0.000000 ) 
     freq (    2) =       6.405687 [THz] =     213.670717 [cm-1]
 ( -0.439318 -0.439318 -0.054327  0.260384 -0.260384 -0.054327 ) 
 ( -0.375737  0.246015  0.000000 -0.367964 -0.367964  0.000000 ) 
     freq (    3) =      10.156571 [THz] =     338.786750 [cm-1]
 (  0.000000  0.000000 -0.631933 -0.315967 -0.315967  0.631933 ) 
 (  0.000000 -0.000000  0.000000  0.028729 -0.028729  0.000000 ) 
     freq (    4) =      10.156571 [THz] =     338.786750 [cm-1]
 ( -0.000000  0.000000  0.025696  0.012848  0.012848 -0.025696 ) 
 (  0.000000  0.000000 -0.000000  0.706523 -0.706523  0.000000 ) 
     freq (    5) =      13.075400 [THz] =     436.148396 [cm-1]
 (  0.000000  0.000000  0.393111  0.373249 -0.373249  0.393111 ) 
 ( -0.016636 -0.641889  0.000000 -0.000000 -0.000000  0.000000 ) 
     freq (    6) =      13.075400 [THz] =     436.148396 [cm-1]
 ( -0.454037 -0.454037  0.000000  0.000000 -0.000000  0.000000 ) 
 ( -0.000000 -0.000000 -0.000000  0.542080  0.542080  0.000000 ) 
 **************************************************************************
