#          Temperature                   volume0             vol.therm.exp                   energy0                 bulk mod.                     dbulk                    d2bulk
   10.000000000000000        265.47882875828793       -8.2787849749249629E-009  -15.835820143553875        6.4726599746026507E-003   4.1135100879995807       -1471.0507848261050     
   20.000000000000000        265.47880677986655       -8.8389518847087314E-008  -15.835820373748041        6.4726379872439175E-003   4.1133708094226868       -1471.0507848261050     
   30.000000000000000        265.47835944740802       -3.9239594187965540E-007  -15.835821747926961        6.4724355164542235E-003   4.1128099693052214       -1471.0507848261050     
   40.000000000000000        265.47672332724846       -9.0937987162082980E-007  -15.835826218580726        6.4718468594352286E-003   4.1114772418583412       -1471.0507848261050     
   50.000000000000000        265.47353106363647       -1.4800585649989969E-006  -15.835836107406715        6.4708063204458625E-003   4.1092593229017496       -1471.0507848261050     
   60.000000000000000        265.46886499977984       -1.9533819011383435E-006  -15.835853374925415        6.4693298241682790E-003   4.1066958903781012       -1471.0507848261050     
   70.000000000000000        265.46315982211235       -2.2481236147421046E-006  -15.835879449200680        6.4674466650408591E-003   4.1038468908238048       -1471.0507848261050     
   80.000000000000000        265.45692911981104       -2.3452857176323685E-006  -15.835915334096146        6.4651725839073191E-003   4.1009615186984485       -1471.0507848261050     
   90.000000000000000        265.45070837522212       -2.2515205169228503E-006  -15.835961753745783        6.4625164000085651E-003   4.0980822197646471       -1471.0507848261050     
   100.00000000000000        265.44497576548827       -2.0000390556490447E-006  -15.836019253382053        6.4594869404847417E-003   4.0952008772688000       -1471.0507848261050     
   110.00000000000000        265.44009036884898       -1.6051843840464780E-006  -15.836088255178222        6.4560953242686547E-003   4.0925445297447540       -1471.0507848261050     
   120.00000000000000        265.43645415972907       -1.1224386628092111E-006  -15.836169088665006        6.4523692099844234E-003   4.0893066450453972       -1471.0507848261050     
   130.00000000000000        265.43413164607563       -5.9004291342369106E-007  -15.836261998989860        6.4483231663311092E-003   4.0865031253483535       -1471.0507848261050     
   140.00000000000000        265.43332180916190       -1.0027004023770721E-008  -15.836367161697547        6.4439892749008441E-003   4.0835989245581557       -1471.0507848261050     
   150.00000000000000        265.43407841605591        5.8256481506664296E-007  -15.836484685694481        6.4393950345081417E-003   4.0806785927140465       -1471.0507848261050     
   160.00000000000000        265.43641446025799        1.1778014904307168E-006  -15.836614621159161        6.4345673814397318E-003   4.0777636012235030       -1471.0507848261050     
   170.00000000000000        265.44033104414723        1.7588360403327665E-006  -15.836756967076264        6.4295331492614733E-003   4.0747076329614869       -1471.0507848261050     
   180.00000000000000        265.44575178067396        2.3227568668469949E-006  -15.836911677849406        6.4243145173085324E-003   4.0717869553752895       -1471.0507848261050     
   190.00000000000000        265.45266236300171        2.8636103115437242E-006  -15.837078671460333        6.4189362606749357E-003   4.0686578687387955       -1471.0507848261050     
   200.00000000000000        265.46095484029735        3.3790400309094765E-006  -15.837257834031693        6.4134142908676339E-003   4.0656291579074013       -1471.0507848261050     
   210.00000000000000        265.47060242686268        3.8669872437387059E-006  -15.837449028309617        6.4077698178987954E-003   4.0623475186582683       -1471.0507848261050     
   220.00000000000000        265.48148626896079        4.3212129532281433E-006  -15.837652095935876        6.4020140383794022E-003   4.0591464787179907       -1471.0507848261050     
   230.00000000000000        265.49354646760884        4.7505005959028831E-006  -15.837866864477613        6.3961617675213555E-003   4.0559100439060538       -1471.0507848261050     
   240.00000000000000        265.50671081397485        5.1541353976410488E-006  -15.838093150017176        6.3902246434859892E-003   4.0526596154290875       -1471.0507848261050     
   250.00000000000000        265.52091561833919        5.5280953142859628E-006  -15.838330760253962        6.3842125974597893E-003   4.0493150043872435       -1471.0507848261050     
   260.00000000000000        265.53606731256434        5.8777781554731894E-006  -15.838579497343014        6.3781321330850082E-003   4.0461065236036715       -1471.0507848261050     
   270.00000000000000        265.55213086025799        6.2111020981654750E-006  -15.838839161072835        6.3719939312235456E-003   4.0428186739690979       -1471.0507848261050     
   280.00000000000000        265.56905474050751        6.5206435750054617E-006  -15.839109549317467        6.3658048744108381E-003   4.0394134320448307       -1471.0507848261050     
   290.00000000000000        265.58676448326827        6.8115739745989370E-006  -15.839390459617476        6.3595690153772158E-003   4.0360463837546208       -1471.0507848261050     
   300.00000000000000        265.60523601836655        7.0821530036709242E-006  -15.839681691384808        6.3532941275646652E-003   4.0325025679066426       -1471.0507848261050     
   310.00000000000000        265.62438562166943        7.3317233468582953E-006  -15.839983045141983        6.3469809382689845E-003   4.0290777252159842       -1471.0507848261050     
   320.00000000000000        265.64418570855770        7.5682683948087000E-006  -15.840294325139419        6.3406352829093442E-003   4.0256484809978170       -1471.0507848261050     
   330.00000000000000        265.66459495156869        7.7941229492448050E-006  -15.840615338646364        6.3342606156881771E-003   4.0222199543388770       -1471.0507848261050     
   340.00000000000000        265.68559815888398        8.0018938657638455E-006  -15.840945897226471        6.3278623659355840E-003   4.0186516723858015       -1471.0507848261050     
   350.00000000000000        265.70711471073128        8.2002868241272283E-006  -15.841285814953835        6.3214375267752476E-003   4.0152735384478442       -1471.0507848261050     
   360.00000000000000        265.72917564992076        8.3890877101216165E-006  -15.841634912700570        6.3149963983042939E-003   4.0116280604405326       -1471.0507848261050     
   370.00000000000000        265.75169921796459        8.5515799853461012E-006  -15.841993013250605        6.3085346443429767E-003   4.0081076065393928       -1471.0507848261050     
   380.00000000000000        265.77462758816284        8.7156212335346246E-006  -15.842359944365118        6.3020498940850938E-003   4.0049522739717798       -1471.0507848261050     
   390.00000000000000        265.79802703771543        8.8837171841059764E-006  -15.842735541059067        6.2955558326074270E-003   4.0014838214094821       -1471.0507848261050     
   400.00000000000000        265.82185307816877        9.0349779374369697E-006  -15.843119640255148        6.2890512157136504E-003   3.9978394385706046       -1471.0507848261050     
   410.00000000000000        265.84606092927243        9.1733045522553071E-006  -15.843512083344375        6.2825327847458746E-003   3.9942330460632278       -1471.0507848261050     
   420.00000000000000        265.87062681578720        9.3080254235848052E-006  -15.843912717954089        6.2760068416727443E-003   3.9906732307940658       -1471.0507848261050     
   430.00000000000000        265.89555554034814        9.4339735419196460E-006  -15.844321394227581        6.2694720706596256E-003   3.9869944016262080       -1471.0507848261050     
   440.00000000000000        265.92079584850484        9.5544492751853855E-006  -15.844737967210611        6.2629270208323928E-003   3.9834617316491667       -1471.0507848261050     
   450.00000000000000        265.94637007545117        9.6708836556225333E-006  -15.845162296648288        6.2563760943839340E-003   3.9797815138590442       -1471.0507848261050     
   460.00000000000000        265.97223457657753        9.7792296617066078E-006  -15.845594245840342        6.2498175969223730E-003   3.9761827835131309       -1471.0507848261050     
   470.00000000000000        265.99839014676240        9.8856495946406864E-006  -15.846033682632044        6.2432545570348464E-003   3.9725598574491872       -1471.0507848261050     
   480.00000000000000        266.02482591413212        9.9857030976109535E-006  -15.846480478150820        6.2366874110916333E-003   3.9688813830572149       -1471.0507848261050     
   490.00000000000000        266.05151904532585        1.0082952995985848E-005  -15.846934507408545        6.2301152118626833E-003   3.9652566236733198       -1471.0507848261050     
   500.00000000000000        266.07847761335302        1.0175371519255505E-005  -15.847395649520271        6.2235415642459832E-003   3.9615379724560893       -1471.0507848261050     
   510.00000000000000        266.10566799258572        1.0263059905751956E-005  -15.847863786049647        6.2169629979991117E-003   3.9578970418076711       -1471.0507848261050     
   520.00000000000000        266.13309878159038        1.0350711965015422E-005  -15.848338803194181        6.2103839954791192E-003   3.9541877081532464       -1471.0507848261050     
   530.00000000000000        266.16076133358263        1.0430136895060807E-005  -15.848820589914251        6.2038045787867809E-003   3.9504378197039118       -1471.0507848261050     
   540.00000000000000        266.18862064512643        1.0506212593827448E-005  -15.849309036979330        6.1972185558489433E-003   3.9468288720993820       -1471.0507848261050     
   550.00000000000000        266.21669401835373        1.0585270958586927E-005  -15.849804040710623        6.1906330503981857E-003   3.9431789540079674       -1471.0507848261050     
   560.00000000000000        266.24498016192410        1.0661188683851921E-005  -15.850305499222253        6.1840495200123687E-003   3.9394343512295582       -1471.0507848261050     
   570.00000000000000        266.27346377774643        1.0731602331714195E-005  -15.850813313108741        6.1774661152932024E-003   3.9356722096652668       -1471.0507848261050     
   580.00000000000000        266.30213098041912        1.0797450164158745E-005  -15.851327385931111        6.1708825123927115E-003   3.9319438213127649       -1471.0507848261050     
   590.00000000000000        266.33097145750384        1.0862941367063977E-005  -15.851847623270695        6.1642954798180856E-003   3.9282892085908609       -1471.0507848261050     
   600.00000000000000        266.35999373496264        1.0930741985618196E-005  -15.852373934928377        6.1577107164227859E-003   3.9245977445973006       -1471.0507848261050     
   610.00000000000000        266.38920170483999        1.0996994844285987E-005  -15.852906232290474        6.1511299010696008E-003   3.9207957998929559       -1471.0507848261050     
   620.00000000000000        266.41858334851707        1.1054270721185598E-005  -15.853444428809661        6.1445520430062272E-003   3.9169332246672992       -1471.0507848261050     
   630.00000000000000        266.44810296774978        1.1111172381676354E-005  -15.853988439446280        6.1379699821940267E-003   3.9132591523680924       -1471.0507848261050     
   640.00000000000000        266.47779436457398        1.1173495496124157E-005  -15.854538183489904        6.1313924253392441E-003   3.9094755095054472       -1471.0507848261050     
   650.00000000000000        266.50765273645277        1.1229687778246650E-005  -15.855093581635316        6.1248214215784674E-003   3.9055855332096314       -1471.0507848261050     
   660.00000000000000        266.53765031918886        1.1281394883085299E-005  -15.855654554688874        6.1182482115684700E-003   3.9017770440153687       -1471.0507848261050     
   670.00000000000000        266.56779106614198        1.1332884688909092E-005  -15.856221027780501        6.1116769970720316E-003   3.8979940142035914       -1471.0507848261050     
   680.00000000000000        266.59806995994745        1.1385612552659058E-005  -15.856792926700994        6.1051055596871044E-003   3.8942560298276088       -1471.0507848261050     
   690.00000000000000        266.62849871277899        1.1436954168501635E-005  -15.857370180573358        6.0985411346227564E-003   3.8904189803605109       -1471.0507848261050     
   700.00000000000000        266.65905831834334        1.1482475062964162E-005  -15.857952718186155        6.0919766002420564E-003   3.8866308572896977       -1471.0507848261050     
   710.00000000000000        266.68973683252807        1.1532559739106574E-005  -15.858540471091846        6.0854109889517038E-003   3.8829573566158420       -1471.0507848261050     
   720.00000000000000        266.72057062477990        1.1580527953793335E-005  -15.859133373972847        6.0788553510138449E-003   3.8790828810743574       -1471.0507848261050     
   730.00000000000000        266.75151213300751        1.1627653558402883E-005  -15.859731359781680        6.0722954955975362E-003   3.8753806130637258       -1471.0507848261050     
   740.00000000000000        266.78260450816515        1.1674763292930969E-005  -15.860334367271975        6.0657472749240157E-003   3.8714819924804909       -1471.0507848261050     
   750.00000000000000        266.81380460817360        1.1720342004519925E-005  -15.860942332220798        6.0591973559910054E-003   3.8676917019310850       -1471.0507848261050     
   760.00000000000000        266.84514748899585        1.1766145445565318E-005  -15.861555196017667        6.0526586333788813E-003   3.8637244085665285       -1471.0507848261050     
   770.00000000000000        266.87659938450957        1.1806900872809797E-005  -15.862172897947953        6.0461198411307093E-003   3.8598498970549007       -1471.0507848261050     
   780.00000000000000        266.90816720007996        1.1848554690849148E-005  -15.862795380313457        6.0395841046421662E-003   3.8559684677294972       -1471.0507848261050     
   790.00000000000000        266.93984890483966        1.1887420501608146E-005  -15.863422586843658        6.0330513599119529E-003   3.8521064095263347       -1471.0507848261050     
   800.00000000000000        266.97163172473131        1.1928635139254839E-005  -15.864054461442146        6.0265175347708165E-003   3.8483289491300123       -1471.0507848261050     
   810.00000000000000        267.00354104858718        1.1972168399000167E-005  -15.864690952200741        6.0199937065017490E-003   3.8444551546114942       -1471.0507848261050     
   820.00000000000000        267.03556395186257        1.2008275826528172E-005  -15.865332005050595        6.0134754648029885E-003   3.8405251080167320       -1471.0507848261050     
   830.00000000000000        267.06767378273571        1.2052485860501699E-005  -15.865977566978975        6.0069513595646792E-003   3.8367816045858785       -1471.0507848261050     
   840.00000000000000        267.09994053910384        1.2089064907286796E-005  -15.866627591953886        6.0004516050910315E-003   3.8326433462045393       -1471.0507848261050     
   850.00000000000000        267.13225355309390        1.2122140662941415E-005  -15.867282023879383        5.9939332034267623E-003   3.8289520984765608       -1471.0507848261050     
   860.00000000000000        267.16470483416742        1.2162890792479879E-005  -15.867940820052066        5.9874321712799208E-003   3.8250064768303145       -1471.0507848261050     
   870.00000000000000        267.19724345566397        1.2198592785258243E-005  -15.868603929742880        5.9809288849808186E-003   3.8211604897328106       -1471.0507848261050     
   880.00000000000000        267.22989344149261        1.2237267382746266E-005  -15.869271308905530        5.9744338862371396E-003   3.8172746102806498       -1471.0507848261050     
   890.00000000000000        267.26264672883809        1.2274538487019797E-005  -15.869942910708058        5.9679433646332132E-003   3.8133431448745974       -1471.0507848261050     
   900.00000000000000        267.29550395436092        1.2310749183720150E-005  -15.870618691928087        5.9614614775624509E-003   3.8093782767608877       -1471.0507848261050     
   910.00000000000000        267.32845888698046        1.2343795783534951E-005  -15.871298607625311        5.9549817453210191E-003   3.8054210192874702       -1471.0507848261050     
   920.00000000000000        267.36150091243348        1.2378307276813517E-005  -15.871982614969195        5.9485020865878441E-003   3.8015448500381068       -1471.0507848261050     
   930.00000000000000        267.39464854322614        1.2409436233339493E-005  -15.872670673745551        5.9420323670726534E-003   3.7975980004454217       -1471.0507848261050     
   940.00000000000000        267.42786524923815        1.2448069806285078E-005  -15.873362740110053        5.9355542100866347E-003   3.7938713264423307       -1471.0507848261050     
   950.00000000000000        267.46122775792151        1.2487170908223369E-005  -15.874058778963928        5.9291048620070379E-003   3.7897039814040681       -1471.0507848261050     
   960.00000000000000        267.49466193048488        1.2514727489816276E-005  -15.874758746290695        5.9226496945472568E-003   3.7857267745489254       -1471.0507848261050     
   970.00000000000000        267.52818021390232        1.2545797153861352E-005  -15.875462604211251        5.9161947569579768E-003   3.7818242642368922       -1471.0507848261050     
   980.00000000000000        267.56178901612299        1.2580721215193095E-005  -15.876170315257957        5.9097428970125935E-003   3.7779439195718978       -1471.0507848261050     
   990.00000000000000        267.59550261941132        1.2615319228617501E-005  -15.876881843281762        5.9033043950550475E-003   3.7739121573399470       -1471.0507848261050     
   1000.0000000000000        267.62930506991671        1.2630324805633738E-005  -15.877597151239673        5.8968672903288062E-003   3.7699670055167527       -1471.0507848261050     
