Dynamical matrix file
                                                                           
  1    2  2 10.2000000  0.0000000  0.0000000  0.0000000  0.0000000  0.0000000
           1  'Si  '    25598.822984527003     
    1    1      0.0000000000      0.0000000000      0.0000000000
    2    1      0.2500000000      0.2500000000      0.2500000000

     Dynamical  Matrix in cartesian axes

     q = (    0.000000000   0.000000000   0.000000000 ) 

    1    1
  0.28504835  0.00000000   -0.00000000  0.00000000    0.00000000  0.00000000
 -0.00000000  0.00000000    0.28504835  0.00000000    0.00000000  0.00000000
 -0.00000000  0.00000000   -0.00000000  0.00000000    0.28504835  0.00000000
    1    2
 -0.28500969  0.00000000    0.00000000  0.00000000   -0.00000000  0.00000000
  0.00000000  0.00000000   -0.28500969  0.00000000   -0.00000000  0.00000000
 -0.00000000  0.00000000    0.00000000  0.00000000   -0.28500969  0.00000000
    2    1
 -0.28500969  0.00000000    0.00000000  0.00000000   -0.00000000  0.00000000
  0.00000000  0.00000000   -0.28500969  0.00000000   -0.00000000  0.00000000
 -0.00000000  0.00000000    0.00000000  0.00000000   -0.28500969  0.00000000
    2    2
  0.28504835  0.00000000   -0.00000000  0.00000000    0.00000000  0.00000000
 -0.00000000  0.00000000    0.28504835  0.00000000    0.00000000  0.00000000
  0.00000000  0.00000000   -0.00000000  0.00000000    0.28504835  0.00000000

     Dielectric Tensor:

         24.590147361732          0.000000000000          0.000000000000
          0.000000000000         24.590147361732         -0.000000000000
          0.000000000000         -0.000000000000         24.590147361732

     Effective Charges E-U: Z_{alpha}{s,beta}

     atom #    1
         -1.227216362604         -0.000000000000          0.000000000000
          0.000000000000         -1.227216362604         -0.000000000000
         -0.000000000000         -0.000000000000         -1.227216362604
     atom #    2
         -1.227216362604          0.000000000000          0.000000000000
          0.000000000000         -1.227216362604          0.000000000000
          0.000000000000         -0.000000000000         -1.227216362604

     Effective Charges U-E: Z_{s,alpha}{beta}

     atom #    1
     -0.122721556691E+01     -0.888178419700E-15     -0.888178419700E-15
     -0.888178419700E-15     -0.122721556691E+01     -0.266453525910E-14
     -0.444089209850E-15     -0.133226762955E-14     -0.122721556691E+01
     atom #    2
     -0.122721556691E+01      0.444089209850E-15      0.444089209850E-15
      0.133226762955E-14     -0.122721556691E+01     -0.444089209850E-15
      0.000000000000E+00     -0.177635683940E-14     -0.122721556691E+01

     Diagonalizing the dynamical matrix

     q = (    0.000000000   0.000000000   0.000000000 ) 

 **************************************************************************
     freq (    1) =       0.127857 [THz] =       4.264867 [cm-1]
 ( -0.053249  0.000000 -0.418203  0.000000 -0.567689  0.000000 ) 
 ( -0.053249  0.000000 -0.418203  0.000000 -0.567689  0.000000 ) 
     freq (    2) =       0.127857 [THz] =       4.264867 [cm-1]
 ( -0.505985  0.000000 -0.373827  0.000000  0.322850  0.000000 ) 
 ( -0.505985  0.000000 -0.373827  0.000000  0.322850  0.000000 ) 
     freq (    3) =       0.127857 [THz] =       4.264867 [cm-1]
 (  0.491064  0.000000 -0.430534  0.000000  0.271103 -0.000000 ) 
 (  0.491064  0.000000 -0.430534  0.000000  0.271103 -0.000000 ) 
     freq (    4) =      15.524749 [THz] =     517.849871 [cm-1]
 (  0.034345  0.000000  0.688438  0.000000 -0.157714  0.000000 ) 
 ( -0.034345  0.000000 -0.688438  0.000000  0.157714  0.000000 ) 
     freq (    5) =      15.524749 [THz] =     517.849871 [cm-1]
 ( -0.073384  0.000000  0.160524  0.000000  0.684724  0.000000 ) 
 (  0.073384  0.000000 -0.160524  0.000000 -0.684724  0.000000 ) 
     freq (    6) =      15.524749 [THz] =     517.849871 [cm-1]
 ( -0.702449  0.000000  0.016890  0.000000 -0.079243  0.000000 ) 
 (  0.702449  0.000000 -0.016890  0.000000  0.079243  0.000000 ) 
 **************************************************************************
