Dynamical matrix file
Ph                                                                         
  1    2  2 10.2000000  0.0000000  0.0000000  0.0000000  0.0000000  0.0000000
           1  'Si  '    25598.8229845270     
    1    1      0.0000000000      0.0000000000      0.0000000000
    2    1      0.2500000000      0.2500000000      0.2500000000

     Dynamical  Matrix in cartesian axes

     q = (    0.500000000  -0.500000000   0.500000000 ) 

    1    1
  0.28249093  0.00000000   -0.02136815  0.00000000    0.02136815  0.00000000
 -0.02136815  0.00000000    0.28249093  0.00000000   -0.02136815  0.00000000
  0.02136815  0.00000000   -0.02136815  0.00000000    0.28249093  0.00000000
    1    2
 -0.15408332  0.00000000   -0.08484099  0.00000000    0.08484099  0.00000000
 -0.08484099  0.00000000   -0.15408332  0.00000000   -0.08484099  0.00000000
  0.08484099  0.00000000   -0.08484099  0.00000000   -0.15408332  0.00000000
    2    1
 -0.15408332  0.00000000   -0.08484099  0.00000000    0.08484099  0.00000000
 -0.08484099  0.00000000   -0.15408332  0.00000000   -0.08484099  0.00000000
  0.08484099  0.00000000   -0.08484099  0.00000000   -0.15408332  0.00000000
    2    2
  0.28249093  0.00000000   -0.02136815  0.00000000    0.02136815  0.00000000
 -0.02136815  0.00000000    0.28249093  0.00000000   -0.02136815  0.00000000
  0.02136815  0.00000000   -0.02136815  0.00000000    0.28249093  0.00000000

     Dynamical  Matrix in cartesian axes

     q = (    0.500000000   0.500000000   0.500000000 ) 

    1    1
  0.28249093  0.00000000    0.02136815  0.00000000    0.02136815  0.00000000
  0.02136815  0.00000000    0.28249093  0.00000000    0.02136815  0.00000000
  0.02136815  0.00000000    0.02136815  0.00000000    0.28249093  0.00000000
    1    2
  0.15408332  0.00000000   -0.08484099 -0.00000000   -0.08484099 -0.00000000
 -0.08484099 -0.00000000    0.15408332  0.00000000   -0.08484099 -0.00000000
 -0.08484099 -0.00000000   -0.08484099 -0.00000000    0.15408332  0.00000000
    2    1
  0.15408332 -0.00000000   -0.08484099  0.00000000   -0.08484099  0.00000000
 -0.08484099  0.00000000    0.15408332 -0.00000000   -0.08484099  0.00000000
 -0.08484099  0.00000000   -0.08484099  0.00000000    0.15408332 -0.00000000
    2    2
  0.28249093  0.00000000    0.02136815  0.00000000    0.02136815  0.00000000
  0.02136815  0.00000000    0.28249093  0.00000000    0.02136815  0.00000000
  0.02136815  0.00000000    0.02136815  0.00000000    0.28249093  0.00000000

     Dynamical  Matrix in cartesian axes

     q = (   -0.500000000   0.500000000   0.500000000 ) 

    1    1
  0.28249093  0.00000000   -0.02136815  0.00000000   -0.02136815  0.00000000
 -0.02136815  0.00000000    0.28249093  0.00000000    0.02136815  0.00000000
 -0.02136815  0.00000000    0.02136815  0.00000000    0.28249093  0.00000000
    1    2
 -0.15408332  0.00000000   -0.08484099  0.00000000   -0.08484099  0.00000000
 -0.08484099  0.00000000   -0.15408332  0.00000000    0.08484099  0.00000000
 -0.08484099  0.00000000    0.08484099  0.00000000   -0.15408332  0.00000000
    2    1
 -0.15408332  0.00000000   -0.08484099  0.00000000   -0.08484099  0.00000000
 -0.08484099  0.00000000   -0.15408332  0.00000000    0.08484099  0.00000000
 -0.08484099  0.00000000    0.08484099  0.00000000   -0.15408332  0.00000000
    2    2
  0.28249093  0.00000000   -0.02136815  0.00000000   -0.02136815  0.00000000
 -0.02136815  0.00000000    0.28249093  0.00000000    0.02136815  0.00000000
 -0.02136815  0.00000000    0.02136815  0.00000000    0.28249093  0.00000000

     Dynamical  Matrix in cartesian axes

     q = (    0.500000000   0.500000000  -0.500000000 ) 

    1    1
  0.28249093  0.00000000    0.02136815  0.00000000   -0.02136815  0.00000000
  0.02136815  0.00000000    0.28249093  0.00000000   -0.02136815  0.00000000
 -0.02136815  0.00000000   -0.02136815  0.00000000    0.28249093  0.00000000
    1    2
 -0.15408332  0.00000000    0.08484099  0.00000000   -0.08484099  0.00000000
  0.08484099  0.00000000   -0.15408332  0.00000000   -0.08484099  0.00000000
 -0.08484099  0.00000000   -0.08484099  0.00000000   -0.15408332  0.00000000
    2    1
 -0.15408332  0.00000000    0.08484099  0.00000000   -0.08484099  0.00000000
  0.08484099  0.00000000   -0.15408332  0.00000000   -0.08484099  0.00000000
 -0.08484099  0.00000000   -0.08484099  0.00000000   -0.15408332  0.00000000
    2    2
  0.28249093  0.00000000    0.02136815  0.00000000   -0.02136815  0.00000000
  0.02136815  0.00000000    0.28249093  0.00000000   -0.02136815  0.00000000
 -0.02136815  0.00000000   -0.02136815  0.00000000    0.28249093  0.00000000

     Diagonalizing the dynamical matrix

     q = (    0.500000000  -0.500000000   0.500000000 ) 

 **************************************************************************
     freq (    1) =       3.063562 [THz] =     102.189416 [cm-1]
 (  0.121422  0.000000  0.549528  0.000000  0.428107  0.000000 ) 
 (  0.121422  0.000000  0.549528  0.000000  0.428107  0.000000 ) 
     freq (    2) =       3.063562 [THz] =     102.189416 [cm-1]
 ( -0.564438  0.000000 -0.177065  0.000000  0.387373  0.000000 ) 
 ( -0.564438  0.000000 -0.177065  0.000000  0.387373  0.000000 ) 
     freq (    3) =      11.441568 [THz] =     381.649636 [cm-1]
 ( -0.408248  0.000000  0.408248  0.000000 -0.408248  0.000000 ) 
 (  0.408248  0.000000 -0.408248  0.000000  0.408248  0.000000 ) 
     freq (    4) =      12.004148 [THz] =     400.415261 [cm-1]
 ( -0.408248  0.000000  0.408248  0.000000 -0.408248  0.000000 ) 
 ( -0.408248  0.000000  0.408248  0.000000 -0.408248  0.000000 ) 
     freq (    5) =      14.540203 [THz] =     485.008981 [cm-1]
 (  0.276696  0.000000 -0.300491  0.000000 -0.577187  0.000000 ) 
 ( -0.276696  0.000000  0.300491  0.000000  0.577187  0.000000 ) 
     freq (    6) =      14.540203 [THz] =     485.008981 [cm-1]
 (  0.506727  0.000000  0.492990  0.000000 -0.013738  0.000000 ) 
 ( -0.506727  0.000000 -0.492990  0.000000  0.013738  0.000000 ) 
 **************************************************************************
