Dynamical matrix file
                                                                           
  1    2  2 10.2000000  0.0000000  0.0000000  0.0000000  0.0000000  0.0000000
           1  'Si  '    25598.822984527003     
    1    1      0.0000000000      0.0000000000      0.0000000000
    2    1      0.2500000000      0.2500000000      0.2500000000

     Dynamical  Matrix in cartesian axes

     q = (    0.500000000   0.000000000   0.500000000 ) 

    1    1
  0.26700830  0.00000000    0.00000000  0.00773331    0.01252393  0.00000000
  0.00000000 -0.00773331    0.28312155  0.00000000    0.00000000 -0.00773331
  0.01252393  0.00000000    0.00000000  0.00773331    0.26700830  0.00000000
    1    2
  0.00000000  0.12867543   -0.08606430  0.00000000    0.00000000 -0.08532214
 -0.08606430  0.00000000   -0.00000000  0.14473259   -0.08606430 -0.00000000
  0.00000000 -0.08532214   -0.08606430 -0.00000000    0.00000000  0.12867543
    2    1
  0.00000000 -0.12867543   -0.08606430  0.00000000    0.00000000  0.08532214
 -0.08606430  0.00000000   -0.00000000 -0.14473259   -0.08606430 -0.00000000
  0.00000000  0.08532214   -0.08606430  0.00000000    0.00000000 -0.12867543
    2    2
  0.26700830  0.00000000    0.00000000 -0.00773331    0.01252393  0.00000000
  0.00000000  0.00773331    0.28312155  0.00000000    0.00000000  0.00773331
  0.01252393  0.00000000    0.00000000 -0.00773331    0.26700830  0.00000000

     Dynamical  Matrix in cartesian axes

     q = (   -0.500000000   0.000000000   0.500000000 ) 

    1    1
  0.26700830  0.00000000    0.00000000  0.00773331   -0.01252393  0.00000000
  0.00000000 -0.00773331    0.28312155  0.00000000    0.00000000  0.00773331
 -0.01252393  0.00000000    0.00000000 -0.00773331    0.26700830  0.00000000
    1    2
 -0.12867543 -0.00000000    0.00000000 -0.08606430   -0.08532214 -0.00000000
  0.00000000 -0.08606430   -0.14473259 -0.00000000    0.00000000  0.08606430
 -0.08532214 -0.00000000    0.00000000  0.08606430   -0.12867543 -0.00000000
    2    1
 -0.12867543  0.00000000    0.00000000  0.08606430   -0.08532214  0.00000000
  0.00000000  0.08606430   -0.14473259  0.00000000    0.00000000 -0.08606430
 -0.08532214  0.00000000    0.00000000 -0.08606430   -0.12867543  0.00000000
    2    2
  0.26700830  0.00000000    0.00000000 -0.00773331   -0.01252393  0.00000000
  0.00000000  0.00773331    0.28312155  0.00000000    0.00000000 -0.00773331
 -0.01252393  0.00000000    0.00000000  0.00773331    0.26700830  0.00000000

     Dynamical  Matrix in cartesian axes

     q = (   -0.500000000   0.000000000  -0.500000000 ) 

    1    1
  0.26700830  0.00000000    0.00000000 -0.00773331    0.01252393  0.00000000
  0.00000000  0.00773331    0.28312155  0.00000000    0.00000000  0.00773331
  0.01252393  0.00000000    0.00000000 -0.00773331    0.26700830  0.00000000
    1    2
  0.00000000 -0.12867543   -0.08606430  0.00000000    0.00000000  0.08532214
 -0.08606430  0.00000000   -0.00000000 -0.14473259   -0.08606430  0.00000000
  0.00000000  0.08532214   -0.08606430  0.00000000    0.00000000 -0.12867543
    2    1
  0.00000000  0.12867543   -0.08606430  0.00000000    0.00000000 -0.08532214
 -0.08606430  0.00000000   -0.00000000  0.14473259   -0.08606430 -0.00000000
  0.00000000 -0.08532214   -0.08606430 -0.00000000    0.00000000  0.12867543
    2    2
  0.26700830  0.00000000    0.00000000  0.00773331    0.01252393  0.00000000
  0.00000000 -0.00773331    0.28312155  0.00000000    0.00000000 -0.00773331
  0.01252393  0.00000000    0.00000000  0.00773331    0.26700830  0.00000000

     Dynamical  Matrix in cartesian axes

     q = (    0.500000000   0.000000000  -0.500000000 ) 

    1    1
  0.26700830  0.00000000    0.00000000 -0.00773331   -0.01252393  0.00000000
  0.00000000  0.00773331    0.28312155  0.00000000    0.00000000 -0.00773331
 -0.01252393  0.00000000    0.00000000  0.00773331    0.26700830  0.00000000
    1    2
 -0.12867543  0.00000000    0.00000000  0.08606430   -0.08532214  0.00000000
  0.00000000  0.08606430   -0.14473259  0.00000000    0.00000000 -0.08606430
 -0.08532214  0.00000000    0.00000000 -0.08606430   -0.12867543  0.00000000
    2    1
 -0.12867543 -0.00000000    0.00000000 -0.08606430   -0.08532214 -0.00000000
  0.00000000 -0.08606430   -0.14473259  0.00000000    0.00000000  0.08606430
 -0.08532214 -0.00000000    0.00000000  0.08606430   -0.12867543 -0.00000000
    2    2
  0.26700830  0.00000000    0.00000000  0.00773331   -0.01252393  0.00000000
  0.00000000 -0.00773331    0.28312155  0.00000000    0.00000000  0.00773331
 -0.01252393  0.00000000    0.00000000 -0.00773331    0.26700830  0.00000000

     Dynamical  Matrix in cartesian axes

     q = (    0.000000000   0.500000000  -0.500000000 ) 

    1    1
  0.28312155  0.00000000    0.00000000  0.00773331    0.00000000 -0.00773331
  0.00000000 -0.00773331    0.26700830  0.00000000   -0.01252393  0.00000000
  0.00000000  0.00773331   -0.01252393  0.00000000    0.26700830  0.00000000
    1    2
 -0.14473259 -0.00000000    0.00000000  0.08606430    0.00000000 -0.08606430
  0.00000000  0.08606430   -0.12867543 -0.00000000   -0.08532214  0.00000000
  0.00000000 -0.08606430   -0.08532214  0.00000000   -0.12867543 -0.00000000
    2    1
 -0.14473259  0.00000000    0.00000000 -0.08606430    0.00000000  0.08606430
  0.00000000 -0.08606430   -0.12867543  0.00000000   -0.08532214  0.00000000
  0.00000000  0.08606430   -0.08532214  0.00000000   -0.12867543  0.00000000
    2    2
  0.28312155  0.00000000    0.00000000 -0.00773331    0.00000000  0.00773331
  0.00000000  0.00773331    0.26700830  0.00000000   -0.01252393  0.00000000
  0.00000000 -0.00773331   -0.01252393  0.00000000    0.26700830  0.00000000

     Dynamical  Matrix in cartesian axes

     q = (   -0.500000000   0.500000000   0.000000000 ) 

    1    1
  0.26700830  0.00000000   -0.01252393  0.00000000    0.00000000  0.00773331
 -0.01252393  0.00000000    0.26700830  0.00000000    0.00000000 -0.00773331
  0.00000000 -0.00773331    0.00000000  0.00773331    0.28312155  0.00000000
    1    2
 -0.12867543  0.00000000   -0.08532214  0.00000000    0.00000000 -0.08606430
 -0.08532214  0.00000000   -0.12867543  0.00000000    0.00000000  0.08606430
 -0.00000000 -0.08606430    0.00000000  0.08606430   -0.14473259  0.00000000
    2    1
 -0.12867543  0.00000000   -0.08532214  0.00000000    0.00000000  0.08606430
 -0.08532214  0.00000000   -0.12867543  0.00000000    0.00000000 -0.08606430
 -0.00000000  0.08606430    0.00000000 -0.08606430   -0.14473259  0.00000000
    2    2
  0.26700830  0.00000000   -0.01252393  0.00000000    0.00000000 -0.00773331
 -0.01252393  0.00000000    0.26700830  0.00000000    0.00000000  0.00773331
  0.00000000  0.00773331    0.00000000 -0.00773331    0.28312155  0.00000000

     Dynamical  Matrix in cartesian axes

     q = (    0.000000000   0.500000000   0.500000000 ) 

    1    1
  0.28312155  0.00000000    0.00000000 -0.00773331    0.00000000 -0.00773331
  0.00000000  0.00773331    0.26700830  0.00000000    0.01252393  0.00000000
  0.00000000  0.00773331    0.01252393  0.00000000    0.26700830  0.00000000
    1    2
  0.00000000  0.14473259   -0.08606430  0.00000000   -0.08606430  0.00000000
 -0.08606430  0.00000000    0.00000000  0.12867543    0.00000000 -0.08532214
 -0.08606430  0.00000000    0.00000000 -0.08532214    0.00000000  0.12867543
    2    1
  0.00000000 -0.14473259   -0.08606430 -0.00000000   -0.08606430  0.00000000
 -0.08606430  0.00000000    0.00000000 -0.12867543    0.00000000  0.08532214
 -0.08606430  0.00000000    0.00000000  0.08532214    0.00000000 -0.12867543
    2    2
  0.28312155  0.00000000    0.00000000  0.00773331    0.00000000  0.00773331
  0.00000000 -0.00773331    0.26700830  0.00000000    0.01252393  0.00000000
  0.00000000 -0.00773331    0.01252393  0.00000000    0.26700830  0.00000000

     Dynamical  Matrix in cartesian axes

     q = (    0.000000000  -0.500000000  -0.500000000 ) 

    1    1
  0.28312155  0.00000000    0.00000000  0.00773331    0.00000000  0.00773331
  0.00000000 -0.00773331    0.26700830  0.00000000    0.01252393  0.00000000
  0.00000000 -0.00773331    0.01252393  0.00000000    0.26700830  0.00000000
    1    2
  0.00000000 -0.14473259   -0.08606430 -0.00000000   -0.08606430  0.00000000
 -0.08606430  0.00000000    0.00000000 -0.12867543    0.00000000  0.08532214
 -0.08606430  0.00000000    0.00000000  0.08532214    0.00000000 -0.12867543
    2    1
  0.00000000  0.14473259   -0.08606430  0.00000000   -0.08606430  0.00000000
 -0.08606430  0.00000000    0.00000000  0.12867543    0.00000000 -0.08532214
 -0.08606430  0.00000000    0.00000000 -0.08532214    0.00000000  0.12867543
    2    2
  0.28312155  0.00000000    0.00000000 -0.00773331    0.00000000 -0.00773331
  0.00000000  0.00773331    0.26700830  0.00000000    0.01252393  0.00000000
  0.00000000  0.00773331    0.01252393  0.00000000    0.26700830  0.00000000

     Dynamical  Matrix in cartesian axes

     q = (    0.500000000   0.500000000   0.000000000 ) 

    1    1
  0.26700830  0.00000000    0.01252393  0.00000000    0.00000000  0.00773331
  0.01252393  0.00000000    0.26700830  0.00000000    0.00000000  0.00773331
  0.00000000 -0.00773331    0.00000000 -0.00773331    0.28312155  0.00000000
    1    2
  0.00000000  0.12867543    0.00000000 -0.08532214   -0.08606430  0.00000000
  0.00000000 -0.08532214   -0.00000000  0.12867543   -0.08606430 -0.00000000
 -0.08606430  0.00000000   -0.08606430  0.00000000   -0.00000000  0.14473259
    2    1
  0.00000000 -0.12867543    0.00000000  0.08532214   -0.08606430  0.00000000
  0.00000000  0.08532214   -0.00000000 -0.12867543   -0.08606430  0.00000000
 -0.08606430  0.00000000   -0.08606430  0.00000000   -0.00000000 -0.14473259
    2    2
  0.26700830  0.00000000    0.01252393  0.00000000    0.00000000 -0.00773331
  0.01252393  0.00000000    0.26700830  0.00000000    0.00000000 -0.00773331
  0.00000000  0.00773331    0.00000000  0.00773331    0.28312155  0.00000000

     Dynamical  Matrix in cartesian axes

     q = (    0.500000000  -0.500000000   0.000000000 ) 

    1    1
  0.26700830  0.00000000   -0.01252393  0.00000000    0.00000000 -0.00773331
 -0.01252393  0.00000000    0.26700830  0.00000000    0.00000000  0.00773331
  0.00000000  0.00773331    0.00000000 -0.00773331    0.28312155  0.00000000
    1    2
 -0.12867543  0.00000000   -0.08532214  0.00000000    0.00000000  0.08606430
 -0.08532214  0.00000000   -0.12867543  0.00000000    0.00000000 -0.08606430
 -0.00000000  0.08606430    0.00000000 -0.08606430   -0.14473259 -0.00000000
    2    1
 -0.12867543 -0.00000000   -0.08532214 -0.00000000    0.00000000 -0.08606430
 -0.08532214 -0.00000000   -0.12867543 -0.00000000    0.00000000  0.08606430
 -0.00000000 -0.08606430    0.00000000  0.08606430   -0.14473259  0.00000000
    2    2
  0.26700830  0.00000000   -0.01252393  0.00000000    0.00000000  0.00773331
 -0.01252393  0.00000000    0.26700830  0.00000000    0.00000000 -0.00773331
  0.00000000 -0.00773331    0.00000000  0.00773331    0.28312155  0.00000000

     Dynamical  Matrix in cartesian axes

     q = (   -0.500000000  -0.500000000   0.000000000 ) 

    1    1
  0.26700830  0.00000000    0.01252393  0.00000000    0.00000000 -0.00773331
  0.01252393  0.00000000    0.26700830  0.00000000    0.00000000 -0.00773331
  0.00000000  0.00773331    0.00000000  0.00773331    0.28312155  0.00000000
    1    2
  0.00000000 -0.12867543    0.00000000  0.08532214   -0.08606430  0.00000000
  0.00000000  0.08532214   -0.00000000 -0.12867543   -0.08606430  0.00000000
 -0.08606430  0.00000000   -0.08606430  0.00000000   -0.00000000 -0.14473259
    2    1
  0.00000000  0.12867543    0.00000000 -0.08532214   -0.08606430  0.00000000
  0.00000000 -0.08532214   -0.00000000  0.12867543   -0.08606430 -0.00000000
 -0.08606430  0.00000000   -0.08606430 -0.00000000   -0.00000000  0.14473259
    2    2
  0.26700830  0.00000000    0.01252393  0.00000000    0.00000000  0.00773331
  0.01252393  0.00000000    0.26700830  0.00000000    0.00000000  0.00773331
  0.00000000 -0.00773331    0.00000000 -0.00773331    0.28312155  0.00000000

     Dynamical  Matrix in cartesian axes

     q = (    0.000000000  -0.500000000   0.500000000 ) 

    1    1
  0.28312155  0.00000000    0.00000000 -0.00773331    0.00000000  0.00773331
  0.00000000  0.00773331    0.26700830  0.00000000   -0.01252393  0.00000000
  0.00000000 -0.00773331   -0.01252393  0.00000000    0.26700830  0.00000000
    1    2
 -0.14473259  0.00000000   -0.00000000 -0.08606430   -0.00000000  0.08606430
  0.00000000 -0.08606430   -0.12867543  0.00000000   -0.08532214  0.00000000
  0.00000000  0.08606430   -0.08532214  0.00000000   -0.12867543  0.00000000
    2    1
 -0.14473259  0.00000000   -0.00000000  0.08606430   -0.00000000 -0.08606430
  0.00000000  0.08606430   -0.12867543  0.00000000   -0.08532214  0.00000000
  0.00000000 -0.08606430   -0.08532214  0.00000000   -0.12867543  0.00000000
    2    2
  0.28312155  0.00000000    0.00000000  0.00773331    0.00000000 -0.00773331
  0.00000000 -0.00773331    0.26700830  0.00000000   -0.01252393  0.00000000
  0.00000000  0.00773331   -0.01252393  0.00000000    0.26700830  0.00000000

     Diagonalizing the dynamical matrix

     q = (    0.500000000   0.000000000   0.500000000 ) 

 **************************************************************************
     freq (    1) =       4.137345 [THz] =     138.006989 [cm-1]
 ( -0.000000  0.500000  0.000000 -0.000000  0.000000 -0.500000 ) 
 ( -0.500000 -0.000000  0.000000  0.000000  0.500000  0.000000 ) 
     freq (    2) =       6.046771 [THz] =     201.698575 [cm-1]
 (  0.000000  0.212157  0.640296  0.000000  0.000000  0.212157 ) 
 (  0.212157  0.000000 -0.000000  0.640296  0.212157  0.000000 ) 
     freq (    3) =       8.437132 [THz] =     281.432445 [cm-1]
 (  0.000000  0.445201 -0.321858 -0.000000  0.000000  0.445201 ) 
 ( -0.445201 -0.000000  0.000000  0.321858 -0.445201  0.000000 ) 
     freq (    4) =      12.588137 [THz] =     419.895067 [cm-1]
 ( -0.000000  0.452758 -0.300035 -0.000000 -0.000000  0.452758 ) 
 (  0.452758  0.000000  0.000000 -0.300035  0.452758  0.000000 ) 
     freq (    5) =      14.073803 [THz] =     469.451537 [cm-1]
 (  0.000000 -0.500000  0.000000  0.000000 -0.000000  0.500000 ) 
 ( -0.500000 -0.000000  0.000000  0.000000  0.500000  0.000000 ) 
     freq (    6) =      14.476354 [THz] =     482.879177 [cm-1]
 ( -0.000000  0.227588  0.629609  0.000000 -0.000000  0.227588 ) 
 ( -0.227588 -0.000000  0.000000 -0.629609 -0.227588  0.000000 ) 
 **************************************************************************
