Dynamical matrix file
                                                                           
  1    2  2 10.2000000  0.0000000  0.0000000  0.0000000  0.0000000  0.0000000
           1  'Si  '    25598.822984527003     
    1    1      0.0000000000      0.0000000000      0.0000000000
    2    1      0.2500000000      0.2500000000      0.2500000000

     Dynamical  Matrix in cartesian axes

     q = (    0.000000000  -1.000000000   0.000000000 ) 

    1    1
  0.23475286  0.00000000    0.00000000  0.00000000    0.00000000  0.00000000
  0.00000000  0.00000000    0.34410068  0.00000000    0.00000000  0.00000000
  0.00000000  0.00000000    0.00000000  0.00000000    0.23475286  0.00000000
    1    2
 -0.00000000  0.00000000    0.00000000  0.00000000   -0.19749144  0.00000000
  0.00000000  0.00000000    0.00000000  0.00000000   -0.00000000 -0.00000000
 -0.19749144  0.00000000    0.00000000  0.00000000   -0.00000000  0.00000000
    2    1
  0.00000000 -0.00000000    0.00000000  0.00000000   -0.19749144 -0.00000000
  0.00000000 -0.00000000    0.00000000 -0.00000000   -0.00000000 -0.00000000
 -0.19749144 -0.00000000    0.00000000  0.00000000    0.00000000 -0.00000000
    2    2
  0.23475286  0.00000000    0.00000000  0.00000000    0.00000000  0.00000000
  0.00000000  0.00000000    0.34410068  0.00000000    0.00000000  0.00000000
  0.00000000  0.00000000    0.00000000  0.00000000    0.23475286  0.00000000

     Dynamical  Matrix in cartesian axes

     q = (   -1.000000000   0.000000000   0.000000000 ) 

    1    1
  0.34410068  0.00000000    0.00000000  0.00000000    0.00000000  0.00000000
  0.00000000  0.00000000    0.23475286  0.00000000    0.00000000  0.00000000
  0.00000000  0.00000000    0.00000000  0.00000000    0.23475286  0.00000000
    1    2
  0.00000000  0.00000000    0.00000000  0.00000000    0.00000000  0.00000000
  0.00000000  0.00000000    0.00000000  0.00000000   -0.19749144  0.00000000
  0.00000000  0.00000000   -0.19749144  0.00000000    0.00000000  0.00000000
    2    1
 -0.00000000 -0.00000000    0.00000000 -0.00000000   -0.00000000 -0.00000000
  0.00000000 -0.00000000    0.00000000 -0.00000000   -0.19749144 -0.00000000
 -0.00000000 -0.00000000   -0.19749144 -0.00000000   -0.00000000 -0.00000000
    2    2
  0.34410068  0.00000000    0.00000000  0.00000000    0.00000000  0.00000000
  0.00000000  0.00000000    0.23475286  0.00000000    0.00000000  0.00000000
  0.00000000  0.00000000    0.00000000  0.00000000    0.23475286  0.00000000

     Dynamical  Matrix in cartesian axes

     q = (    0.000000000   0.000000000  -1.000000000 ) 

    1    1
  0.23475286  0.00000000   -0.00000000  0.00000000    0.00000000  0.00000000
  0.00000000  0.00000000    0.23475286  0.00000000    0.00000000  0.00000000
 -0.00000000  0.00000000   -0.00000000  0.00000000    0.34410068  0.00000000
    1    2
  0.00000000  0.00000000   -0.19749144  0.00000000    0.00000000  0.00000000
 -0.19749144  0.00000000    0.00000000  0.00000000    0.00000000  0.00000000
  0.00000000  0.00000000   -0.00000000  0.00000000    0.00000000  0.00000000
    2    1
  0.00000000 -0.00000000   -0.19749144 -0.00000000    0.00000000  0.00000000
 -0.19749144 -0.00000000    0.00000000 -0.00000000   -0.00000000  0.00000000
  0.00000000  0.00000000   -0.00000000  0.00000000    0.00000000 -0.00000000
    2    2
  0.23475286  0.00000000   -0.00000000  0.00000000    0.00000000  0.00000000
 -0.00000000  0.00000000    0.23475286  0.00000000   -0.00000000  0.00000000
  0.00000000  0.00000000   -0.00000000  0.00000000    0.34410068  0.00000000

     Diagonalizing the dynamical matrix

     q = (    0.000000000  -1.000000000   0.000000000 ) 

 **************************************************************************
     freq (    1) =       3.969125 [THz] =     132.395750 [cm-1]
 ( -0.609162  0.000000  0.000000  0.000000  0.359057  0.000000 ) 
 (  0.359057  0.000000  0.000000  0.000000 -0.609162  0.000000 ) 
     freq (    2) =       3.969125 [THz] =     132.395750 [cm-1]
 (  0.359057  0.000000  0.000000  0.000000  0.609162  0.000000 ) 
 (  0.609162  0.000000  0.000000  0.000000  0.359057  0.000000 ) 
     freq (    3) =      12.061680 [THz] =     402.334338 [cm-1]
 (  0.000000 -0.000000 -0.866781  0.000000 -0.000000  0.000000 ) 
 (  0.000000 -0.000000  0.498688 -0.000000 -0.000000  0.000000 ) 
     freq (    4) =      12.061680 [THz] =     402.334338 [cm-1]
 (  0.000000  0.000000  0.498688  0.000000 -0.000000  0.000000 ) 
 ( -0.000000  0.000000  0.866781  0.000000  0.000000  0.000000 ) 
     freq (    5) =      13.518536 [THz] =     450.929836 [cm-1]
 (  0.653185  0.000000  0.000000  0.000000  0.270831  0.000000 ) 
 ( -0.270831  0.000000 -0.000000  0.000000 -0.653185  0.000000 ) 
     freq (    6) =      13.518536 [THz] =     450.929836 [cm-1]
 ( -0.270831  0.000000 -0.000000  0.000000  0.653185  0.000000 ) 
 ( -0.653185  0.000000  0.000000  0.000000  0.270831  0.000000 ) 
 **************************************************************************
