Dynamical matrix file
                                                                           
  1    2  2 10.2000000  0.0000000  0.0000000  0.0000000  0.0000000  0.0000000
           1  'Si  '    25598.8229845270     
    1    1      0.0000000000      0.0000000000      0.0000000000
    2    1      0.2500000000      0.2500000000      0.2500000000

     Dynamical  Matrix in cartesian axes

     q = (   -0.500000000  -1.000000000   0.000000000 ) 

    1    1
  0.23998445  0.00000000    0.00000000  0.00000000   -0.00000000  0.00000000
 -0.00000000  0.00000000    0.27842188  0.00000000   -0.00000000 -0.01754064
 -0.00000000  0.00000000    0.00000000  0.01754064    0.27842188  0.00000000
    1    2
  0.00000000  0.00000000   -0.08518324  0.08518324   -0.08518324 -0.08518324
 -0.08518324  0.08518324    0.00000000  0.00000000   -0.00000000 -0.00000000
 -0.08518324 -0.08518324    0.00000000 -0.00000000   -0.00000000  0.00000000
    2    1
  0.00000000 -0.00000000   -0.08518324 -0.08518324   -0.08518324  0.08518324
 -0.08518324 -0.08518324    0.00000000  0.00000000   -0.00000000 -0.00000000
 -0.08518324  0.08518324    0.00000000 -0.00000000    0.00000000  0.00000000
    2    2
  0.23998445  0.00000000    0.00000000  0.00000000   -0.00000000  0.00000000
 -0.00000000  0.00000000    0.27842188  0.00000000   -0.00000000  0.01754064
  0.00000000  0.00000000   -0.00000000 -0.01754064    0.27842188  0.00000000

     Dynamical  Matrix in cartesian axes

     q = (    0.000000000   1.000000000   0.500000000 ) 

    1    1
  0.27842188  0.00000000    0.00000000 -0.01754064    0.00000000  0.00000000
  0.00000000  0.01754064    0.27842188  0.00000000    0.00000000  0.00000000
 -0.00000000  0.00000000    0.00000000  0.00000000    0.23998445  0.00000000
    1    2
  0.00000000  0.00000000    0.00000000 -0.00000000   -0.08518324  0.08518324
  0.00000000 -0.00000000    0.00000000  0.00000000   -0.08518324 -0.08518324
 -0.08518324  0.08518324   -0.08518324 -0.08518324   -0.00000000 -0.00000000
    2    1
  0.00000000  0.00000000    0.00000000  0.00000000   -0.08518324 -0.08518324
 -0.00000000 -0.00000000   -0.00000000 -0.00000000   -0.08518324  0.08518324
 -0.08518324 -0.08518324   -0.08518324  0.08518324    0.00000000  0.00000000
    2    2
  0.27842188  0.00000000    0.00000000  0.01754064    0.00000000  0.00000000
  0.00000000 -0.01754064    0.27842188  0.00000000    0.00000000  0.00000000
  0.00000000  0.00000000    0.00000000  0.00000000    0.23998445  0.00000000

     Dynamical  Matrix in cartesian axes

     q = (    0.000000000  -1.000000000  -0.500000000 ) 

    1    1
  0.27842188  0.00000000    0.00000000  0.01754064    0.00000000  0.00000000
  0.00000000 -0.01754064    0.27842188  0.00000000    0.00000000  0.00000000
 -0.00000000  0.00000000    0.00000000  0.00000000    0.23998445  0.00000000
    1    2
 -0.00000000 -0.00000000   -0.00000000  0.00000000   -0.08518324 -0.08518324
 -0.00000000 -0.00000000   -0.00000000 -0.00000000   -0.08518324  0.08518324
 -0.08518324 -0.08518324   -0.08518324  0.08518324    0.00000000  0.00000000
    2    1
  0.00000000  0.00000000    0.00000000 -0.00000000   -0.08518324  0.08518324
  0.00000000  0.00000000    0.00000000 -0.00000000   -0.08518324 -0.08518324
 -0.08518324  0.08518324   -0.08518324 -0.08518324   -0.00000000 -0.00000000
    2    2
  0.27842188  0.00000000    0.00000000 -0.01754064    0.00000000  0.00000000
  0.00000000  0.01754064    0.27842188  0.00000000    0.00000000  0.00000000
  0.00000000  0.00000000    0.00000000  0.00000000    0.23998445  0.00000000

     Dynamical  Matrix in cartesian axes

     q = (    0.500000000   1.000000000   0.000000000 ) 

    1    1
  0.23998445  0.00000000    0.00000000  0.00000000   -0.00000000  0.00000000
 -0.00000000  0.00000000    0.27842188  0.00000000   -0.00000000  0.01754064
  0.00000000  0.00000000   -0.00000000 -0.01754064    0.27842188  0.00000000
    1    2
  0.00000000 -0.00000000   -0.08518324 -0.08518324   -0.08518324  0.08518324
 -0.08518324 -0.08518324   -0.00000000  0.00000000    0.00000000 -0.00000000
 -0.08518324  0.08518324    0.00000000 -0.00000000    0.00000000  0.00000000
    2    1
  0.00000000  0.00000000   -0.08518324  0.08518324   -0.08518324 -0.08518324
 -0.08518324  0.08518324   -0.00000000  0.00000000    0.00000000 -0.00000000
 -0.08518324 -0.08518324    0.00000000 -0.00000000   -0.00000000  0.00000000
    2    2
  0.23998445  0.00000000   -0.00000000  0.00000000    0.00000000  0.00000000
 -0.00000000  0.00000000    0.27842188  0.00000000    0.00000000 -0.01754064
  0.00000000  0.00000000    0.00000000  0.01754064    0.27842188  0.00000000

     Dynamical  Matrix in cartesian axes

     q = (   -1.000000000  -0.500000000   0.000000000 ) 

    1    1
  0.27842188  0.00000000   -0.00000000  0.00000000    0.00000000 -0.01754064
 -0.00000000  0.00000000    0.23998445  0.00000000    0.00000000  0.00000000
  0.00000000  0.01754064    0.00000000  0.00000000    0.27842188  0.00000000
    1    2
  0.00000000 -0.00000000   -0.08518324  0.08518324    0.00000000 -0.00000000
 -0.08518324  0.08518324    0.00000000 -0.00000000   -0.08518324 -0.08518324
  0.00000000  0.00000000   -0.08518324 -0.08518324    0.00000000  0.00000000
    2    1
 -0.00000000 -0.00000000   -0.08518324 -0.08518324   -0.00000000  0.00000000
 -0.08518324 -0.08518324    0.00000000 -0.00000000   -0.08518324  0.08518324
 -0.00000000  0.00000000   -0.08518324  0.08518324   -0.00000000  0.00000000
    2    2
  0.27842188  0.00000000    0.00000000  0.00000000    0.00000000  0.01754064
  0.00000000  0.00000000    0.23998445  0.00000000    0.00000000  0.00000000
  0.00000000 -0.01754064    0.00000000  0.00000000    0.27842188  0.00000000

     Dynamical  Matrix in cartesian axes

     q = (    0.000000000  -0.500000000  -1.000000000 ) 

    1    1
  0.27842188  0.00000000    0.00000000  0.00000000    0.00000000  0.01754064
 -0.00000000  0.00000000    0.23998445  0.00000000    0.00000000  0.00000000
  0.00000000 -0.01754064    0.00000000  0.00000000    0.27842188  0.00000000
    1    2
 -0.00000000 -0.00000000   -0.08518324 -0.08518324   -0.00000000  0.00000000
 -0.08518324 -0.08518324    0.00000000 -0.00000000   -0.08518324  0.08518324
 -0.00000000  0.00000000   -0.08518324  0.08518324   -0.00000000  0.00000000
    2    1
  0.00000000  0.00000000   -0.08518324  0.08518324    0.00000000  0.00000000
 -0.08518324  0.08518324   -0.00000000 -0.00000000   -0.08518324 -0.08518324
  0.00000000  0.00000000   -0.08518324 -0.08518324    0.00000000  0.00000000
    2    2
  0.27842188  0.00000000   -0.00000000  0.00000000    0.00000000 -0.01754064
 -0.00000000  0.00000000    0.23998445  0.00000000   -0.00000000  0.00000000
  0.00000000  0.01754064    0.00000000  0.00000000    0.27842188  0.00000000

     Diagonalizing the dynamical matrix

     q = (   -0.500000000  -1.000000000   0.000000000 ) 

 **************************************************************************
     freq (    1) =       6.348401 [THz] =     211.759849 [cm-1]
 (  0.515781  0.515781  0.122878 -0.050638  0.050638  0.122878 ) 
 (  0.204348  0.085077 -0.000000  0.437959  0.437959  0.000000 ) 
     freq (    2) =       6.348401 [THz] =     211.759849 [cm-1]
 (  0.156519  0.156519 -0.404924  0.166869 -0.166869 -0.404924 ) 
 ( -0.673395 -0.280356 -0.000000  0.132903  0.132903  0.000000 ) 
     freq (    3) =      10.502349 [THz] =     350.320665 [cm-1]
 (  0.000000 -0.000000 -0.030028  0.030028  0.030028  0.030028 ) 
 (  0.000000  0.000000  0.000000 -0.705830  0.705830  0.000000 ) 
     freq (    4) =      10.502349 [THz] =     350.320665 [cm-1]
 (  0.000000 -0.000000 -0.499097  0.499097  0.499097  0.499097 ) 
 ( -0.000000  0.000000  0.000000  0.042466 -0.042466  0.000000 ) 
     freq (    5) =      13.648942 [THz] =     455.279715 [cm-1]
 (  0.452807  0.452807  0.063182 -0.046501  0.046501  0.063182 ) 
 ( -0.093133 -0.014164  0.000000 -0.533268 -0.533268  0.000000 ) 
     freq (    6) =      13.648942 [THz] =     455.279715 [cm-1]
 ( -0.066613 -0.066613  0.429485 -0.316097  0.316097  0.429485 ) 
 ( -0.633087 -0.096280 -0.000000  0.078449  0.078449  0.000000 ) 
 **************************************************************************
