Dynamical matrix file
Ph                                                                         
  1    2   2  10.0000000   0.0000000   0.0000000   0.0000000   0.0000000   0.0000000
           1  'Si  '    25598.823011949724     
    1    1      0.0000000000      0.0000000000      0.0000000000
    2    1      0.2500000000      0.2500000000      0.2500000000

     Dynamical  Matrix in cartesian axes

     q = (    0.000000000   0.000000000   0.000000000 ) 

    1    1
  0.31941779   0.00000000    -0.00000000   0.00000000    -0.00000000   0.00000000
 -0.00000000   0.00000000     0.31941779   0.00000000    -0.00000000   0.00000000
 -0.00000000   0.00000000    -0.00000000   0.00000000     0.31941779   0.00000000
    1    2
 -0.31937951   0.00000000     0.00000000   0.00000000     0.00000000   0.00000000
  0.00000000   0.00000000    -0.31937951   0.00000000     0.00000000   0.00000000
  0.00000000   0.00000000     0.00000000   0.00000000    -0.31937951   0.00000000
    2    1
 -0.31937951   0.00000000     0.00000000   0.00000000     0.00000000   0.00000000
  0.00000000   0.00000000    -0.31937951   0.00000000    -0.00000000   0.00000000
  0.00000000   0.00000000     0.00000000   0.00000000    -0.31937951   0.00000000
    2    2
  0.31941779   0.00000000    -0.00000000   0.00000000     0.00000000   0.00000000
 -0.00000000   0.00000000     0.31941779   0.00000000     0.00000000   0.00000000
  0.00000000   0.00000000    -0.00000000   0.00000000     0.31941779   0.00000000

     Dielectric Tensor:

         23.856918834496         -0.000000000000          0.000000000000
         -0.000000000000         23.856918834496         -0.000000000000
          0.000000000000          0.000000000000         23.856918834496

     Effective Charges E-U: Z_{alpha}{s,beta}

     atom #    1
         -1.234012166190          0.000000000000          0.000000000000
          0.000000000000         -1.234012166190         -0.000000000000
         -0.000000000000         -0.000000000000         -1.234012166190
     atom #    2
         -1.234012166190          0.000000000000         -0.000000000000
          0.000000000000         -1.234012166190          0.000000000000
          0.000000000000         -0.000000000000         -1.234012166190

     Effective Charges U-E: Z_{s,alpha}{beta}

     atom #    1
     -0.123401148650E+01      0.888178419700E-15      0.888178419700E-15
      0.444089209850E-15     -0.123401148650E+01     -0.444089209850E-15
      0.133226762955E-14      0.444089209850E-15     -0.123401148650E+01
     atom #    2
     -0.123401148650E+01     -0.444089209850E-15     -0.133226762955E-14
     -0.133226762955E-14     -0.123401148650E+01      0.133226762955E-14
     -0.444089209850E-15      0.444089209850E-15     -0.123401148650E+01

     Diagonalizing the dynamical matrix

     q = (    0.000000000   0.000000000   0.000000000 ) 

 **************************************************************************
     freq (    1) =       0.127228 [THz] =       4.243884 [cm-1]
 (  0.047105  0.000000 -0.513038  0.000000 -0.484328  0.000000 ) 
 (  0.047105  0.000000 -0.513038  0.000000 -0.484328  0.000000 ) 
     freq (    2) =       0.127228 [THz] =       4.243884 [cm-1]
 ( -0.617481  0.000000  0.204847  0.000000 -0.277046  0.000000 ) 
 ( -0.617481  0.000000  0.204847  0.000000 -0.277046  0.000000 ) 
     freq (    3) =       0.127228 [THz] =       4.243884 [cm-1]
 (  0.341318  0.000000  0.441395  0.000000 -0.434364  0.000000 ) 
 (  0.341318  0.000000  0.441395  0.000000 -0.434364  0.000000 ) 
     freq (    4) =      16.434125 [THz] =     548.183388 [cm-1]
 ( -0.324097  0.000000  0.628116  0.000000  0.020769  0.000000 ) 
 (  0.324097  0.000000 -0.628116  0.000000 -0.020769  0.000000 ) 
     freq (    5) =      16.434125 [THz] =     548.183388 [cm-1]
 (  0.264531  0.000000  0.115147  0.000000  0.645573  0.000000 ) 
 ( -0.264531  0.000000 -0.115147  0.000000 -0.645573  0.000000 ) 
     freq (    6) =      16.434125 [THz] =     548.183388 [cm-1]
 ( -0.570074  0.000000 -0.303663  0.000000  0.287757  0.000000 ) 
 (  0.570074  0.000000  0.303663  0.000000 -0.287757  0.000000 ) 
 **************************************************************************
