Dynamical matrix file
Ph                                                                         
  1    2   2  10.0000000   0.0000000   0.0000000   0.0000000   0.0000000   0.0000000
           1  'Si  '    25598.823011949724     
    1    1      0.0000000000      0.0000000000      0.0000000000
    2    1      0.2500000000      0.2500000000      0.2500000000

     Dynamical  Matrix in cartesian axes

     q = (    0.500000000  -0.500000000   0.500000000 ) 

    1    1
  0.31895934   0.00000000    -0.02351662   0.00000000     0.02351662   0.00000000
 -0.02351662   0.00000000     0.31895934   0.00000000    -0.02351662   0.00000000
  0.02351662   0.00000000    -0.02351662   0.00000000     0.31895934   0.00000000
    1    2
 -0.17201594   0.00000000    -0.10793090   0.00000000     0.10793090   0.00000000
 -0.10793090   0.00000000    -0.17201594   0.00000000    -0.10793090   0.00000000
  0.10793090   0.00000000    -0.10793090   0.00000000    -0.17201594   0.00000000
    2    1
 -0.17201594   0.00000000    -0.10793090   0.00000000     0.10793090   0.00000000
 -0.10793090   0.00000000    -0.17201594   0.00000000    -0.10793090   0.00000000
  0.10793090   0.00000000    -0.10793090   0.00000000    -0.17201594   0.00000000
    2    2
  0.31895934   0.00000000    -0.02351662   0.00000000     0.02351662   0.00000000
 -0.02351662   0.00000000     0.31895934   0.00000000    -0.02351662   0.00000000
  0.02351662   0.00000000    -0.02351662   0.00000000     0.31895934   0.00000000

     Dynamical  Matrix in cartesian axes

     q = (    0.500000000   0.500000000   0.500000000 ) 

    1    1
  0.31895934   0.00000000     0.02351662   0.00000000     0.02351662   0.00000000
  0.02351662   0.00000000     0.31895934   0.00000000     0.02351662   0.00000000
  0.02351662   0.00000000     0.02351662   0.00000000     0.31895934   0.00000000
    1    2
  0.17201594   0.00000000    -0.10793090  -0.00000000    -0.10793090  -0.00000000
 -0.10793090  -0.00000000     0.17201594   0.00000000    -0.10793090  -0.00000000
 -0.10793090  -0.00000000    -0.10793090  -0.00000000     0.17201594   0.00000000
    2    1
  0.17201594  -0.00000000    -0.10793090   0.00000000    -0.10793090   0.00000000
 -0.10793090   0.00000000     0.17201594  -0.00000000    -0.10793090   0.00000000
 -0.10793090   0.00000000    -0.10793090   0.00000000     0.17201594  -0.00000000
    2    2
  0.31895934   0.00000000     0.02351662   0.00000000     0.02351662   0.00000000
  0.02351662   0.00000000     0.31895934   0.00000000     0.02351662   0.00000000
  0.02351662   0.00000000     0.02351662   0.00000000     0.31895934   0.00000000

     Dynamical  Matrix in cartesian axes

     q = (   -0.500000000   0.500000000   0.500000000 ) 

    1    1
  0.31895934   0.00000000    -0.02351662   0.00000000    -0.02351662   0.00000000
 -0.02351662   0.00000000     0.31895934   0.00000000     0.02351662   0.00000000
 -0.02351662   0.00000000     0.02351662   0.00000000     0.31895934   0.00000000
    1    2
 -0.17201594   0.00000000    -0.10793090   0.00000000    -0.10793090   0.00000000
 -0.10793090   0.00000000    -0.17201594   0.00000000     0.10793090   0.00000000
 -0.10793090   0.00000000     0.10793090   0.00000000    -0.17201594   0.00000000
    2    1
 -0.17201594   0.00000000    -0.10793090   0.00000000    -0.10793090   0.00000000
 -0.10793090   0.00000000    -0.17201594   0.00000000     0.10793090   0.00000000
 -0.10793090   0.00000000     0.10793090   0.00000000    -0.17201594   0.00000000
    2    2
  0.31895934   0.00000000    -0.02351662   0.00000000    -0.02351662   0.00000000
 -0.02351662   0.00000000     0.31895934   0.00000000     0.02351662   0.00000000
 -0.02351662   0.00000000     0.02351662   0.00000000     0.31895934   0.00000000

     Dynamical  Matrix in cartesian axes

     q = (    0.500000000   0.500000000  -0.500000000 ) 

    1    1
  0.31895934   0.00000000     0.02351662   0.00000000    -0.02351662   0.00000000
  0.02351662   0.00000000     0.31895934   0.00000000    -0.02351662   0.00000000
 -0.02351662   0.00000000    -0.02351662   0.00000000     0.31895934   0.00000000
    1    2
 -0.17201594   0.00000000     0.10793090   0.00000000    -0.10793090   0.00000000
  0.10793090   0.00000000    -0.17201594   0.00000000    -0.10793090   0.00000000
 -0.10793090   0.00000000    -0.10793090   0.00000000    -0.17201594   0.00000000
    2    1
 -0.17201594   0.00000000     0.10793090   0.00000000    -0.10793090   0.00000000
  0.10793090   0.00000000    -0.17201594   0.00000000    -0.10793090   0.00000000
 -0.10793090   0.00000000    -0.10793090   0.00000000    -0.17201594   0.00000000
    2    2
  0.31895934   0.00000000     0.02351662   0.00000000    -0.02351662   0.00000000
  0.02351662   0.00000000     0.31895934   0.00000000    -0.02351662   0.00000000
 -0.02351662   0.00000000    -0.02351662   0.00000000     0.31895934   0.00000000

     Diagonalizing the dynamical matrix

     q = (    0.500000000  -0.500000000   0.500000000 ) 

 **************************************************************************
     freq (    1) =       2.559607 [THz] =      85.379291 [cm-1]
 ( -0.344025  0.000000  0.229528 -0.000000  0.573553 -0.000000 ) 
 ( -0.344025  0.000000  0.229528 -0.000000  0.573553 -0.000000 ) 
     freq (    2) =       2.559607 [THz] =      85.379291 [cm-1]
 ( -0.463659  0.000000 -0.529764  0.000000 -0.066105  0.000000 ) 
 ( -0.463659  0.000000 -0.529764  0.000000 -0.066105  0.000000 ) 
     freq (    3) =      11.670565 [THz] =     389.288155 [cm-1]
 ( -0.408248  0.000000  0.408248 -0.000000 -0.408248  0.000000 ) 
 (  0.408248  0.000000 -0.408248  0.000000  0.408248  0.000000 ) 
     freq (    4) =      13.163500 [THz] =     439.087101 [cm-1]
 (  0.408248  0.000000 -0.408248  0.000000  0.408248  0.000000 ) 
 (  0.408248 -0.000000 -0.408248  0.000000  0.408248 -0.000000 ) 
     freq (    5) =      15.597178 [THz] =     520.265850 [cm-1]
 (  0.230449  0.000000 -0.343218  0.000000 -0.573667  0.000000 ) 
 ( -0.230449  0.000000  0.343218  0.000000  0.573667  0.000000 ) 
     freq (    6) =      15.597178 [THz] =     520.265850 [cm-1]
 (  0.529364  0.000000  0.464257  0.000000 -0.065107  0.000000 ) 
 ( -0.529364  0.000000 -0.464257  0.000000  0.065107  0.000000 ) 
 **************************************************************************
