Dynamical matrix file
Ph                                                                         
  1    2  2 10.0000000  0.0000000  0.0000000  0.0000000  0.0000000  0.0000000
           1  'Si  '    25598.822984527003     
    1    1      0.0000000000      0.0000000000      0.0000000000
    2    1      0.2500000000      0.2500000000      0.2500000000

     Dynamical  Matrix in cartesian axes

     q = (    0.000000000   0.500000000   0.000000000 ) 

    1    1
  0.28964728  0.00000000   -0.00000000  0.00000000    0.00000000  0.00000000
  0.00000000  0.00000000    0.36167762  0.00000000    0.00000000  0.00000000
  0.00000000  0.00000000    0.00000000  0.00000000    0.28964728  0.00000000
    1    2
 -0.14799085  0.14799085    0.00000000  0.00000000   -0.10856292 -0.10856292
  0.00000000 -0.00000000   -0.15886747  0.15886747    0.00000000 -0.00000000
 -0.10856292 -0.10856292    0.00000000  0.00000000   -0.14799085  0.14799085
    2    1
 -0.14799085 -0.14799085    0.00000000  0.00000000   -0.10856292  0.10856292
  0.00000000  0.00000000   -0.15886747 -0.15886747    0.00000000 -0.00000000
 -0.10856292  0.10856292    0.00000000 -0.00000000   -0.14799085 -0.14799085
    2    2
  0.28964728  0.00000000   -0.00000000  0.00000000   -0.00000000 -0.00000000
 -0.00000000  0.00000000    0.36167762  0.00000000   -0.00000000  0.00000000
 -0.00000000 -0.00000000   -0.00000000  0.00000000    0.28964728  0.00000000

     Dynamical  Matrix in cartesian axes

     q = (    0.000000000  -0.500000000   0.000000000 ) 

    1    1
  0.28964728  0.00000000    0.00000000  0.00000000    0.00000000 -0.00000000
  0.00000000  0.00000000    0.36167762  0.00000000    0.00000000  0.00000000
  0.00000000 -0.00000000    0.00000000  0.00000000    0.28964728  0.00000000
    1    2
 -0.14799085 -0.14799085    0.00000000  0.00000000   -0.10856292  0.10856292
  0.00000000  0.00000000   -0.15886747 -0.15886747    0.00000000 -0.00000000
 -0.10856292  0.10856292    0.00000000 -0.00000000   -0.14799085 -0.14799085
    2    1
 -0.14799085  0.14799085    0.00000000  0.00000000   -0.10856292 -0.10856292
  0.00000000 -0.00000000   -0.15886747  0.15886747    0.00000000 -0.00000000
 -0.10856292 -0.10856292    0.00000000  0.00000000   -0.14799085  0.14799085
    2    2
  0.28964728  0.00000000    0.00000000  0.00000000   -0.00000000  0.00000000
  0.00000000  0.00000000    0.36167762  0.00000000   -0.00000000  0.00000000
 -0.00000000  0.00000000    0.00000000  0.00000000    0.28964728  0.00000000

     Dynamical  Matrix in cartesian axes

     q = (    0.500000000   0.000000000   0.000000000 ) 

    1    1
  0.36167762  0.00000000    0.00000000  0.00000000    0.00000000  0.00000000
  0.00000000  0.00000000    0.28964728  0.00000000    0.00000000  0.00000000
  0.00000000  0.00000000    0.00000000  0.00000000    0.28964728  0.00000000
    1    2
 -0.15886747  0.15886747    0.00000000  0.00000000    0.00000000  0.00000000
 -0.00000000  0.00000000   -0.14799085  0.14799085   -0.10856292 -0.10856292
  0.00000000  0.00000000   -0.10856292 -0.10856292   -0.14799085  0.14799085
    2    1
 -0.15886747 -0.15886747    0.00000000  0.00000000    0.00000000  0.00000000
  0.00000000  0.00000000   -0.14799085 -0.14799085   -0.10856292  0.10856292
 -0.00000000  0.00000000   -0.10856292  0.10856292   -0.14799085 -0.14799085
    2    2
  0.36167762  0.00000000    0.00000000  0.00000000    0.00000000  0.00000000
  0.00000000  0.00000000    0.28964728  0.00000000   -0.00000000 -0.00000000
  0.00000000  0.00000000    0.00000000 -0.00000000    0.28964728  0.00000000

     Dynamical  Matrix in cartesian axes

     q = (    0.000000000   0.000000000   0.500000000 ) 

    1    1
  0.28964728  0.00000000    0.00000000  0.00000000   -0.00000000  0.00000000
  0.00000000  0.00000000    0.28964728  0.00000000    0.00000000  0.00000000
  0.00000000  0.00000000    0.00000000  0.00000000    0.36167762  0.00000000
    1    2
 -0.14799085  0.14799085   -0.10856292 -0.10856292    0.00000000  0.00000000
 -0.10856292 -0.10856292   -0.14799085  0.14799085    0.00000000  0.00000000
 -0.00000000  0.00000000    0.00000000  0.00000000   -0.15886747  0.15886747
    2    1
 -0.14799085 -0.14799085   -0.10856292  0.10856292    0.00000000  0.00000000
 -0.10856292  0.10856292   -0.14799085 -0.14799085    0.00000000  0.00000000
  0.00000000  0.00000000    0.00000000  0.00000000   -0.15886747 -0.15886747
    2    2
  0.28964728  0.00000000   -0.00000000 -0.00000000   -0.00000000  0.00000000
 -0.00000000 -0.00000000    0.28964728  0.00000000   -0.00000000  0.00000000
  0.00000000  0.00000000    0.00000000  0.00000000    0.36167762  0.00000000

     Dynamical  Matrix in cartesian axes

     q = (    0.000000000   0.000000000  -0.500000000 ) 

    1    1
  0.28964728  0.00000000   -0.00000000 -0.00000000    0.00000000  0.00000000
 -0.00000000 -0.00000000    0.28964728  0.00000000   -0.00000000  0.00000000
  0.00000000  0.00000000    0.00000000  0.00000000    0.36167762  0.00000000
    1    2
 -0.14799085 -0.14799085   -0.10856292  0.10856292    0.00000000  0.00000000
 -0.10856292  0.10856292   -0.14799085 -0.14799085    0.00000000  0.00000000
  0.00000000  0.00000000    0.00000000  0.00000000   -0.15886747 -0.15886747
    2    1
 -0.14799085  0.14799085   -0.10856292 -0.10856292    0.00000000  0.00000000
 -0.10856292 -0.10856292   -0.14799085  0.14799085    0.00000000  0.00000000
 -0.00000000  0.00000000    0.00000000  0.00000000   -0.15886747  0.15886747
    2    2
  0.28964728  0.00000000    0.00000000  0.00000000   -0.00000000  0.00000000
  0.00000000  0.00000000    0.28964728  0.00000000   -0.00000000  0.00000000
 -0.00000000  0.00000000    0.00000000  0.00000000    0.36167762  0.00000000

     Dynamical  Matrix in cartesian axes

     q = (   -0.500000000   0.000000000   0.000000000 ) 

    1    1
  0.36167762  0.00000000    0.00000000  0.00000000   -0.00000000  0.00000000
  0.00000000  0.00000000    0.28964728  0.00000000    0.00000000 -0.00000000
 -0.00000000  0.00000000    0.00000000 -0.00000000    0.28964728  0.00000000
    1    2
 -0.15886747 -0.15886747    0.00000000  0.00000000   -0.00000000 -0.00000000
  0.00000000  0.00000000   -0.14799085 -0.14799085   -0.10856292  0.10856292
  0.00000000 -0.00000000   -0.10856292  0.10856292   -0.14799085 -0.14799085
    2    1
 -0.15886747  0.15886747   -0.00000000  0.00000000   -0.00000000  0.00000000
 -0.00000000  0.00000000   -0.14799085  0.14799085   -0.10856292 -0.10856292
  0.00000000  0.00000000   -0.10856292 -0.10856292   -0.14799085  0.14799085
    2    2
  0.36167762  0.00000000   -0.00000000  0.00000000    0.00000000  0.00000000
 -0.00000000  0.00000000    0.28964728  0.00000000    0.00000000  0.00000000
  0.00000000  0.00000000    0.00000000  0.00000000    0.28964728  0.00000000

     Diagonalizing the dynamical matrix

     q = (    0.000000000   0.500000000   0.000000000 ) 

 **************************************************************************
     freq (    1) =       3.566274 [THz] =     118.958109 [cm-1]
 (  0.276133  0.226508  0.000000 -0.000000  0.449353 -0.412949 ) 
 (  0.043520 -0.074076  0.000000  0.000000  0.701868 -0.000000 ) 
     freq (    2) =       3.566274 [THz] =     118.958109 [cm-1]
 ( -0.178258 -0.583668  0.000000 -0.000000  0.352823 -0.055423 ) 
 (  0.355530 -0.605159  0.000000 -0.000000 -0.085914  0.000000 ) 
     freq (    3) =       7.610854 [THz] =     253.870762 [cm-1]
 (  0.000000  0.000000  0.633156 -0.314824 -0.000000  0.000000 ) 
 ( -0.000000  0.000000  0.670323  0.225095 -0.000000  0.000000 ) 
     freq (    4) =      15.238263 [THz] =     508.293745 [cm-1]
 (  0.330426  0.225416  0.000000 -0.000000  0.449028 -0.371995 ) 
 ( -0.092090  0.026480 -0.000000 -0.000000 -0.700584  0.000000 ) 
     freq (    5) =      15.238263 [THz] =     508.293745 [cm-1]
 (  0.233422 -0.534341 -0.000000  0.000000  0.307949  0.255266 ) 
 ( -0.673302  0.193603  0.000000 -0.000000  0.095821  0.000000 ) 
     freq (    6) =      15.745032 [THz] =     525.197744 [cm-1]
 (  0.000000 -0.000000  0.573674 -0.413398  0.000000  0.000000 ) 
 ( -0.000000 -0.000000 -0.697965 -0.113332  0.000000  0.000000 ) 
 **************************************************************************
