Dynamical matrix file
Ph                                                                         
  1    2  2 10.0000000  0.0000000  0.0000000  0.0000000  0.0000000  0.0000000
           1  'Si  '    25598.822984527003     
    1    1      0.0000000000      0.0000000000      0.0000000000
    2    1      0.2500000000      0.2500000000      0.2500000000

     Dynamical  Matrix in cartesian axes

     q = (    0.500000000   0.000000000   0.500000000 ) 

    1    1
  0.30376185  0.00000000    0.00000000  0.00821160    0.01486858  0.00000000
  0.00000000 -0.00821160    0.32013377  0.00000000    0.00000000 -0.00821160
  0.01486858  0.00000000    0.00000000  0.00821160    0.30376185  0.00000000
    1    2
 -0.00000000  0.14571157   -0.10824178 -0.00000000    0.00000000 -0.10730356
 -0.10824178  0.00000000    0.00000000  0.16149650   -0.10824178  0.00000000
  0.00000000 -0.10730356   -0.10824178 -0.00000000   -0.00000000  0.14571157
    2    1
 -0.00000000 -0.14571157   -0.10824178  0.00000000    0.00000000  0.10730356
 -0.10824178  0.00000000    0.00000000 -0.16149650   -0.10824178  0.00000000
  0.00000000  0.10730356   -0.10824178  0.00000000   -0.00000000 -0.14571157
    2    2
  0.30376185  0.00000000    0.00000000 -0.00821160    0.01486858  0.00000000
  0.00000000  0.00821160    0.32013377  0.00000000    0.00000000  0.00821160
  0.01486858  0.00000000    0.00000000 -0.00821160    0.30376185  0.00000000

     Dynamical  Matrix in cartesian axes

     q = (   -0.500000000   0.000000000   0.500000000 ) 

    1    1
  0.30376185  0.00000000    0.00000000  0.00821160   -0.01486858  0.00000000
  0.00000000 -0.00821160    0.32013377  0.00000000    0.00000000  0.00821160
 -0.01486858  0.00000000    0.00000000 -0.00821160    0.30376185  0.00000000
    1    2
 -0.14571157 -0.00000000    0.00000000 -0.10824178   -0.10730356  0.00000000
  0.00000000 -0.10824178   -0.16149650  0.00000000    0.00000000  0.10824178
 -0.10730356 -0.00000000    0.00000000  0.10824178   -0.14571157  0.00000000
    2    1
 -0.14571157  0.00000000   -0.00000000  0.10824178   -0.10730356 -0.00000000
  0.00000000  0.10824178   -0.16149650 -0.00000000   -0.00000000 -0.10824178
 -0.10730356  0.00000000   -0.00000000 -0.10824178   -0.14571157 -0.00000000
    2    2
  0.30376185  0.00000000    0.00000000 -0.00821160   -0.01486858  0.00000000
  0.00000000  0.00821160    0.32013377  0.00000000    0.00000000 -0.00821160
 -0.01486858  0.00000000    0.00000000  0.00821160    0.30376185  0.00000000

     Dynamical  Matrix in cartesian axes

     q = (   -0.500000000   0.000000000  -0.500000000 ) 

    1    1
  0.30376185  0.00000000    0.00000000 -0.00821160    0.01486858  0.00000000
  0.00000000  0.00821160    0.32013377  0.00000000    0.00000000  0.00821160
  0.01486858  0.00000000    0.00000000 -0.00821160    0.30376185  0.00000000
    1    2
 -0.00000000 -0.14571157   -0.10824178  0.00000000    0.00000000  0.10730356
 -0.10824178  0.00000000    0.00000000 -0.16149650   -0.10824178  0.00000000
  0.00000000  0.10730356   -0.10824178  0.00000000   -0.00000000 -0.14571157
    2    1
 -0.00000000  0.14571157   -0.10824178  0.00000000    0.00000000 -0.10730356
 -0.10824178  0.00000000    0.00000000  0.16149650   -0.10824178  0.00000000
  0.00000000 -0.10730356   -0.10824178  0.00000000   -0.00000000  0.14571157
    2    2
  0.30376185  0.00000000    0.00000000  0.00821160    0.01486858  0.00000000
  0.00000000 -0.00821160    0.32013377  0.00000000    0.00000000 -0.00821160
  0.01486858  0.00000000    0.00000000  0.00821160    0.30376185  0.00000000

     Dynamical  Matrix in cartesian axes

     q = (    0.500000000   0.000000000  -0.500000000 ) 

    1    1
  0.30376185  0.00000000    0.00000000 -0.00821160   -0.01486858  0.00000000
  0.00000000  0.00821160    0.32013377  0.00000000    0.00000000 -0.00821160
 -0.01486858  0.00000000    0.00000000  0.00821160    0.30376185  0.00000000
    1    2
 -0.14571157  0.00000000    0.00000000  0.10824178   -0.10730356  0.00000000
  0.00000000  0.10824178   -0.16149650 -0.00000000    0.00000000 -0.10824178
 -0.10730356  0.00000000    0.00000000 -0.10824178   -0.14571157  0.00000000
    2    1
 -0.14571157  0.00000000   -0.00000000 -0.10824178   -0.10730356  0.00000000
  0.00000000 -0.10824178   -0.16149650 -0.00000000   -0.00000000  0.10824178
 -0.10730356  0.00000000   -0.00000000  0.10824178   -0.14571157  0.00000000
    2    2
  0.30376185  0.00000000    0.00000000  0.00821160   -0.01486858  0.00000000
  0.00000000 -0.00821160    0.32013377  0.00000000    0.00000000  0.00821160
 -0.01486858  0.00000000    0.00000000 -0.00821160    0.30376185  0.00000000

     Dynamical  Matrix in cartesian axes

     q = (    0.000000000   0.500000000  -0.500000000 ) 

    1    1
  0.32013377  0.00000000    0.00000000  0.00821160    0.00000000 -0.00821160
  0.00000000 -0.00821160    0.30376185  0.00000000   -0.01486858  0.00000000
  0.00000000  0.00821160   -0.01486858  0.00000000    0.30376185  0.00000000
    1    2
 -0.16149650 -0.00000000    0.00000000  0.10824178    0.00000000 -0.10824178
  0.00000000  0.10824178   -0.14571157 -0.00000000   -0.10730356  0.00000000
  0.00000000 -0.10824178   -0.10730356  0.00000000   -0.14571157 -0.00000000
    2    1
 -0.16149650  0.00000000   -0.00000000 -0.10824178    0.00000000  0.10824178
  0.00000000 -0.10824178   -0.14571157  0.00000000   -0.10730356 -0.00000000
 -0.00000000  0.10824178   -0.10730356 -0.00000000   -0.14571157  0.00000000
    2    2
  0.32013377  0.00000000    0.00000000 -0.00821160    0.00000000  0.00821160
  0.00000000  0.00821160    0.30376185  0.00000000   -0.01486858  0.00000000
  0.00000000 -0.00821160   -0.01486858  0.00000000    0.30376185  0.00000000

     Dynamical  Matrix in cartesian axes

     q = (   -0.500000000   0.500000000   0.000000000 ) 

    1    1
  0.30376185  0.00000000   -0.01486858  0.00000000    0.00000000  0.00821160
 -0.01486858  0.00000000    0.30376185  0.00000000    0.00000000 -0.00821160
  0.00000000 -0.00821160    0.00000000  0.00821160    0.32013377  0.00000000
    1    2
 -0.14571157  0.00000000   -0.10730356 -0.00000000    0.00000000 -0.10824178
 -0.10730356  0.00000000   -0.14571157  0.00000000    0.00000000  0.10824178
 -0.00000000 -0.10824178   -0.00000000  0.10824178   -0.16149650  0.00000000
    2    1
 -0.14571157  0.00000000   -0.10730356  0.00000000    0.00000000  0.10824178
 -0.10730356  0.00000000   -0.14571157  0.00000000    0.00000000 -0.10824178
 -0.00000000  0.10824178   -0.00000000 -0.10824178   -0.16149650 -0.00000000
    2    2
  0.30376185  0.00000000   -0.01486858  0.00000000    0.00000000 -0.00821160
 -0.01486858  0.00000000    0.30376185  0.00000000    0.00000000  0.00821160
  0.00000000  0.00821160    0.00000000 -0.00821160    0.32013377  0.00000000

     Dynamical  Matrix in cartesian axes

     q = (    0.000000000   0.500000000   0.500000000 ) 

    1    1
  0.32013377  0.00000000    0.00000000 -0.00821160    0.00000000 -0.00821160
  0.00000000  0.00821160    0.30376185  0.00000000    0.01486858  0.00000000
  0.00000000  0.00821160    0.01486858  0.00000000    0.30376185  0.00000000
    1    2
  0.00000000  0.16149650   -0.10824178 -0.00000000   -0.10824178 -0.00000000
 -0.10824178 -0.00000000   -0.00000000  0.14571157    0.00000000 -0.10730356
 -0.10824178  0.00000000    0.00000000 -0.10730356   -0.00000000  0.14571157
    2    1
  0.00000000 -0.16149650   -0.10824178  0.00000000   -0.10824178  0.00000000
 -0.10824178  0.00000000   -0.00000000 -0.14571157    0.00000000  0.10730356
 -0.10824178 -0.00000000    0.00000000  0.10730356    0.00000000 -0.14571157
    2    2
  0.32013377  0.00000000    0.00000000  0.00821160    0.00000000  0.00821160
  0.00000000 -0.00821160    0.30376185  0.00000000    0.01486858  0.00000000
  0.00000000 -0.00821160    0.01486858  0.00000000    0.30376185  0.00000000

     Dynamical  Matrix in cartesian axes

     q = (    0.000000000  -0.500000000  -0.500000000 ) 

    1    1
  0.32013377  0.00000000    0.00000000  0.00821160    0.00000000  0.00821160
  0.00000000 -0.00821160    0.30376185  0.00000000    0.01486858  0.00000000
  0.00000000 -0.00821160    0.01486858  0.00000000    0.30376185  0.00000000
    1    2
 -0.00000000 -0.16149650   -0.10824178  0.00000000   -0.10824178  0.00000000
 -0.10824178  0.00000000   -0.00000000 -0.14571157    0.00000000  0.10730356
 -0.10824178  0.00000000    0.00000000  0.10730356   -0.00000000 -0.14571157
    2    1
  0.00000000  0.16149650   -0.10824178 -0.00000000   -0.10824178 -0.00000000
 -0.10824178 -0.00000000   -0.00000000  0.14571157    0.00000000 -0.10730356
 -0.10824178  0.00000000    0.00000000 -0.10730356    0.00000000  0.14571157
    2    2
  0.32013377  0.00000000    0.00000000 -0.00821160    0.00000000 -0.00821160
  0.00000000  0.00821160    0.30376185  0.00000000    0.01486858  0.00000000
  0.00000000  0.00821160    0.01486858  0.00000000    0.30376185  0.00000000

     Dynamical  Matrix in cartesian axes

     q = (    0.500000000   0.500000000   0.000000000 ) 

    1    1
  0.30376185  0.00000000    0.01486858  0.00000000    0.00000000  0.00821160
  0.01486858  0.00000000    0.30376185  0.00000000    0.00000000  0.00821160
  0.00000000 -0.00821160    0.00000000 -0.00821160    0.32013377  0.00000000
    1    2
 -0.00000000  0.14571157    0.00000000 -0.10730356   -0.10824178  0.00000000
  0.00000000 -0.10730356   -0.00000000  0.14571157   -0.10824178  0.00000000
 -0.10824178  0.00000000   -0.10824178  0.00000000   -0.00000000  0.16149650
    2    1
 -0.00000000 -0.14571157    0.00000000  0.10730356   -0.10824178  0.00000000
  0.00000000  0.10730356   -0.00000000 -0.14571157   -0.10824178  0.00000000
 -0.10824178  0.00000000   -0.10824178  0.00000000   -0.00000000 -0.16149650
    2    2
  0.30376185  0.00000000    0.01486858  0.00000000    0.00000000 -0.00821160
  0.01486858  0.00000000    0.30376185  0.00000000    0.00000000 -0.00821160
  0.00000000  0.00821160    0.00000000  0.00821160    0.32013377  0.00000000

     Dynamical  Matrix in cartesian axes

     q = (    0.500000000  -0.500000000   0.000000000 ) 

    1    1
  0.30376185  0.00000000   -0.01486858  0.00000000    0.00000000 -0.00821160
 -0.01486858  0.00000000    0.30376185  0.00000000    0.00000000  0.00821160
  0.00000000  0.00821160    0.00000000 -0.00821160    0.32013377  0.00000000
    1    2
 -0.14571157  0.00000000   -0.10730356  0.00000000    0.00000000  0.10824178
 -0.10730356  0.00000000   -0.14571157  0.00000000    0.00000000 -0.10824178
  0.00000000  0.10824178    0.00000000 -0.10824178   -0.16149650  0.00000000
    2    1
 -0.14571157  0.00000000   -0.10730356 -0.00000000    0.00000000 -0.10824178
 -0.10730356  0.00000000   -0.14571157 -0.00000000    0.00000000  0.10824178
 -0.00000000 -0.10824178   -0.00000000  0.10824178   -0.16149650 -0.00000000
    2    2
  0.30376185  0.00000000   -0.01486858  0.00000000    0.00000000  0.00821160
 -0.01486858  0.00000000    0.30376185  0.00000000    0.00000000 -0.00821160
  0.00000000 -0.00821160    0.00000000  0.00821160    0.32013377  0.00000000

     Dynamical  Matrix in cartesian axes

     q = (   -0.500000000  -0.500000000   0.000000000 ) 

    1    1
  0.30376185  0.00000000    0.01486858  0.00000000    0.00000000 -0.00821160
  0.01486858  0.00000000    0.30376185  0.00000000    0.00000000 -0.00821160
  0.00000000  0.00821160    0.00000000  0.00821160    0.32013377  0.00000000
    1    2
 -0.00000000 -0.14571157    0.00000000  0.10730356   -0.10824178  0.00000000
 -0.00000000  0.10730356   -0.00000000 -0.14571157   -0.10824178  0.00000000
 -0.10824178  0.00000000   -0.10824178  0.00000000   -0.00000000 -0.16149650
    2    1
 -0.00000000  0.14571157    0.00000000 -0.10730356   -0.10824178  0.00000000
  0.00000000 -0.10730356   -0.00000000  0.14571157   -0.10824178  0.00000000
 -0.10824178  0.00000000   -0.10824178  0.00000000   -0.00000000  0.16149650
    2    2
  0.30376185  0.00000000    0.01486858  0.00000000    0.00000000  0.00821160
  0.01486858  0.00000000    0.30376185  0.00000000    0.00000000  0.00821160
  0.00000000 -0.00821160    0.00000000 -0.00821160    0.32013377  0.00000000

     Dynamical  Matrix in cartesian axes

     q = (    0.000000000  -0.500000000   0.500000000 ) 

    1    1
  0.32013377  0.00000000    0.00000000 -0.00821160    0.00000000  0.00821160
  0.00000000  0.00821160    0.30376185  0.00000000   -0.01486858  0.00000000
  0.00000000 -0.00821160   -0.01486858  0.00000000    0.30376185  0.00000000
    1    2
 -0.16149650  0.00000000    0.00000000 -0.10824178    0.00000000  0.10824178
  0.00000000 -0.10824178   -0.14571157  0.00000000   -0.10730356  0.00000000
  0.00000000  0.10824178   -0.10730356  0.00000000   -0.14571157  0.00000000
    2    1
 -0.16149650  0.00000000    0.00000000  0.10824178    0.00000000 -0.10824178
  0.00000000  0.10824178   -0.14571157  0.00000000   -0.10730356  0.00000000
  0.00000000 -0.10824178   -0.10730356  0.00000000   -0.14571157  0.00000000
    2    2
  0.32013377  0.00000000    0.00000000  0.00821160    0.00000000 -0.00821160
  0.00000000 -0.00821160    0.30376185  0.00000000   -0.01486858  0.00000000
  0.00000000  0.00821160   -0.01486858  0.00000000    0.30376185  0.00000000

     Diagonalizing the dynamical matrix

     q = (    0.500000000   0.000000000   0.500000000 ) 

 **************************************************************************
     freq (    1) =       3.894754 [THz] =     129.915001 [cm-1]
 (  0.000000 -0.500000 -0.000000 -0.000000  0.000000  0.500000 ) 
 (  0.500000 -0.000000  0.000000  0.000000 -0.500000  0.000000 ) 
     freq (    2) =       5.996847 [THz] =     200.033292 [cm-1]
 (  0.000000 -0.230720 -0.627325  0.000000 -0.000000 -0.230720 ) 
 ( -0.230720  0.000000 -0.000000 -0.627325 -0.230720  0.000000 ) 
     freq (    3) =       8.912793 [THz] =     297.298761 [cm-1]
 (  0.000000 -0.436130  0.345805 -0.000000  0.000000 -0.436130 ) 
 (  0.436130  0.000000  0.000000 -0.345805  0.436130  0.000000 ) 
     freq (    4) =      13.493074 [THz] =     450.080506 [cm-1]
 (  0.000000 -0.443586  0.326288  0.000000  0.000000 -0.443586 ) 
 ( -0.443586 -0.000000 -0.000000  0.326288 -0.443586  0.000000 ) 
     freq (    5) =      15.136588 [THz] =     504.902214 [cm-1]
 (  0.000000 -0.500000 -0.000000  0.000000 -0.000000  0.500000 ) 
 ( -0.500000 -0.000000  0.000000  0.000000  0.500000  0.000000 ) 
     freq (    6) =      15.577863 [THz] =     519.621572 [cm-1]
 ( -0.000000 -0.244521 -0.616781 -0.000000  0.000000 -0.244521 ) 
 (  0.244521  0.000000 -0.000000  0.616781  0.244521  0.000000 ) 
 **************************************************************************
