Dynamical matrix file
Ph                                                                         
  1    2   2  10.0000000   0.0000000   0.0000000   0.0000000   0.0000000   0.0000000
           1  'Si  '    25598.823011949724     
    1    1      0.0000000000      0.0000000000      0.0000000000
    2    1      0.2500000000      0.2500000000      0.2500000000

     Dynamical  Matrix in cartesian axes

     q = (    0.000000000  -1.000000000   0.000000000 ) 

    1    1
  0.26627463   0.00000000     0.00000000   0.00000000     0.00000000   0.00000000
  0.00000000   0.00000000     0.38206971   0.00000000     0.00000000   0.00000000
  0.00000000   0.00000000     0.00000000   0.00000000     0.26627463   0.00000000
    1    2
  0.00000000  -0.00000000    -0.00000000  -0.00000000    -0.24830883   0.00000000
 -0.00000000  -0.00000000    -0.00000000   0.00000000    -0.00000000   0.00000000
 -0.24830883   0.00000000     0.00000000   0.00000000     0.00000000  -0.00000000
    2    1
  0.00000000  -0.00000000    -0.00000000   0.00000000    -0.24830883  -0.00000000
  0.00000000   0.00000000    -0.00000000  -0.00000000    -0.00000000   0.00000000
 -0.24830883  -0.00000000    -0.00000000   0.00000000     0.00000000  -0.00000000
    2    2
  0.26627463   0.00000000     0.00000000   0.00000000     0.00000000   0.00000000
  0.00000000   0.00000000     0.38206971   0.00000000     0.00000000   0.00000000
  0.00000000   0.00000000     0.00000000   0.00000000     0.26627463   0.00000000

     Dynamical  Matrix in cartesian axes

     q = (   -1.000000000   0.000000000   0.000000000 ) 

    1    1
  0.38206971   0.00000000     0.00000000   0.00000000    -0.00000000   0.00000000
  0.00000000   0.00000000     0.26627463   0.00000000    -0.00000000   0.00000000
 -0.00000000   0.00000000    -0.00000000   0.00000000     0.26627463   0.00000000
    1    2
  0.00000000   0.00000000     0.00000000   0.00000000    -0.00000000   0.00000000
  0.00000000  -0.00000000     0.00000000   0.00000000    -0.24830883   0.00000000
 -0.00000000   0.00000000    -0.24830883   0.00000000    -0.00000000   0.00000000
    2    1
 -0.00000000  -0.00000000     0.00000000  -0.00000000    -0.00000000   0.00000000
 -0.00000000   0.00000000    -0.00000000  -0.00000000    -0.24830883  -0.00000000
  0.00000000  -0.00000000    -0.24830883  -0.00000000    -0.00000000  -0.00000000
    2    2
  0.38206971   0.00000000     0.00000000   0.00000000     0.00000000   0.00000000
  0.00000000   0.00000000     0.26627463   0.00000000    -0.00000000   0.00000000
  0.00000000   0.00000000    -0.00000000   0.00000000     0.26627463   0.00000000

     Dynamical  Matrix in cartesian axes

     q = (    0.000000000   0.000000000  -1.000000000 ) 

    1    1
  0.26627463   0.00000000     0.00000000   0.00000000     0.00000000   0.00000000
  0.00000000   0.00000000     0.26627463   0.00000000     0.00000000   0.00000000
  0.00000000   0.00000000     0.00000000   0.00000000     0.38206971   0.00000000
    1    2
  0.00000000  -0.00000000    -0.24830883   0.00000000     0.00000000  -0.00000000
 -0.24830883   0.00000000     0.00000000   0.00000000    -0.00000000  -0.00000000
  0.00000000  -0.00000000     0.00000000   0.00000000     0.00000000   0.00000000
    2    1
  0.00000000   0.00000000    -0.24830883  -0.00000000    -0.00000000   0.00000000
 -0.24830883  -0.00000000     0.00000000  -0.00000000    -0.00000000  -0.00000000
  0.00000000   0.00000000     0.00000000  -0.00000000    -0.00000000  -0.00000000
    2    2
  0.26627463   0.00000000     0.00000000   0.00000000     0.00000000   0.00000000
  0.00000000   0.00000000     0.26627463   0.00000000     0.00000000   0.00000000
 -0.00000000   0.00000000     0.00000000   0.00000000     0.38206971   0.00000000

     Diagonalizing the dynamical matrix

     q = (    0.000000000  -1.000000000   0.000000000 ) 

 **************************************************************************
     freq (    1) =       2.756058 [THz] =      91.932193 [cm-1]
 ( -0.399295  0.000000  0.000000 -0.000000  0.583579 -0.000000 ) 
 (  0.583579 -0.000000  0.000000  0.000000 -0.399295  0.000000 ) 
     freq (    2) =       2.756058 [THz] =      91.932193 [cm-1]
 ( -0.583579  0.000000 -0.000000  0.000000 -0.399295  0.000000 ) 
 ( -0.399295  0.000000  0.000000  0.000000 -0.583579  0.000000 ) 
     freq (    3) =      12.709731 [THz] =     423.950976 [cm-1]
 (  0.000000  0.000000 -0.666282  0.000000 -0.000000  0.000000 ) 
 (  0.000000  0.000000  0.745700  0.000000  0.000000  0.000000 ) 
     freq (    4) =      12.709731 [THz] =     423.950976 [cm-1]
 ( -0.000000  0.000000 -0.745700  0.000000  0.000000  0.000000 ) 
 (  0.000000  0.000000 -0.666282  0.000000 -0.000000  0.000000 ) 
     freq (    5) =      14.750032 [THz] =     492.008094 [cm-1]
 ( -0.232239  0.000000 -0.000000  0.000000  0.667881 -0.000000 ) 
 ( -0.667881  0.000000  0.000000 -0.000000  0.232239  0.000000 ) 
     freq (    6) =      14.750032 [THz] =     492.008094 [cm-1]
 (  0.667881  0.000000  0.000000  0.000000  0.232239  0.000000 ) 
 ( -0.232239  0.000000 -0.000000  0.000000 -0.667881  0.000000 ) 
 **************************************************************************
