Dynamical matrix file
Ph                                                                         
  1    2  2 10.0000000  0.0000000  0.0000000  0.0000000  0.0000000  0.0000000
           1  'Si  '    25598.822984527003     
    1    1      0.0000000000      0.0000000000      0.0000000000
    2    1      0.2500000000      0.2500000000      0.2500000000

     Dynamical  Matrix in cartesian axes

     q = (   -0.500000000  -1.000000000   0.000000000 ) 

    1    1
  0.27572835 -0.00000000   -0.00000000  0.00000000    0.00000000  0.00000000
 -0.00000000 -0.00000000    0.31703425  0.00000000    0.00000000 -0.01895766
  0.00000000 -0.00000000    0.00000000  0.01895766    0.31703425  0.00000000
    1    2
  0.00000000  0.00000000   -0.10702308  0.10702308   -0.10702308 -0.10702308
 -0.10702308  0.10702308    0.00000000  0.00000000    0.00000000  0.00000000
 -0.10702308 -0.10702308   -0.00000000  0.00000000   -0.00000000  0.00000000
    2    1
  0.00000000 -0.00000000   -0.10702308 -0.10702308   -0.10702308  0.10702308
 -0.10702308 -0.10702308   -0.00000000 -0.00000000   -0.00000000  0.00000000
 -0.10702308  0.10702308    0.00000000  0.00000000    0.00000000 -0.00000000
    2    2
  0.27572835  0.00000000   -0.00000000 -0.00000000    0.00000000  0.00000000
 -0.00000000 -0.00000000    0.31703425  0.00000000    0.00000000  0.01895766
  0.00000000  0.00000000    0.00000000 -0.01895766    0.31703425  0.00000000

     Dynamical  Matrix in cartesian axes

     q = (    0.000000000   1.000000000   0.500000000 ) 

    1    1
  0.31703425 -0.00000000   -0.00000000 -0.01895766    0.00000000 -0.00000000
  0.00000000  0.01895766    0.31703425 -0.00000000    0.00000000  0.00000000
  0.00000000 -0.00000000    0.00000000  0.00000000    0.27572835 -0.00000000
    1    2
 -0.00000000  0.00000000   -0.00000000 -0.00000000   -0.10702308  0.10702308
 -0.00000000  0.00000000   -0.00000000 -0.00000000   -0.10702308 -0.10702308
 -0.10702308  0.10702308   -0.10702308 -0.10702308   -0.00000000 -0.00000000
    2    1
  0.00000000 -0.00000000   -0.00000000  0.00000000   -0.10702308 -0.10702308
  0.00000000 -0.00000000   -0.00000000  0.00000000   -0.10702308  0.10702308
 -0.10702308 -0.10702308   -0.10702308  0.10702308    0.00000000  0.00000000
    2    2
  0.31703425 -0.00000000   -0.00000000  0.01895766    0.00000000 -0.00000000
  0.00000000 -0.01895766    0.31703425 -0.00000000    0.00000000  0.00000000
  0.00000000 -0.00000000    0.00000000  0.00000000    0.27572835 -0.00000000

     Dynamical  Matrix in cartesian axes

     q = (    0.000000000  -1.000000000  -0.500000000 ) 

    1    1
  0.31703425 -0.00000000   -0.00000000  0.01895766   -0.00000000 -0.00000000
  0.00000000 -0.01895766    0.31703425 -0.00000000    0.00000000  0.00000000
 -0.00000000 -0.00000000   -0.00000000  0.00000000    0.27572835 -0.00000000
    1    2
 -0.00000000  0.00000000   -0.00000000  0.00000000   -0.10702308 -0.10702308
 -0.00000000  0.00000000   -0.00000000  0.00000000   -0.10702308  0.10702308
 -0.10702308 -0.10702308   -0.10702308  0.10702308   -0.00000000  0.00000000
    2    1
 -0.00000000 -0.00000000   -0.00000000 -0.00000000   -0.10702308  0.10702308
 -0.00000000  0.00000000   -0.00000000  0.00000000   -0.10702308 -0.10702308
 -0.10702308  0.10702308   -0.10702308 -0.10702308    0.00000000 -0.00000000
    2    2
  0.31703425 -0.00000000   -0.00000000 -0.01895766   -0.00000000 -0.00000000
  0.00000000  0.01895766    0.31703425 -0.00000000    0.00000000  0.00000000
 -0.00000000 -0.00000000   -0.00000000  0.00000000    0.27572835 -0.00000000

     Dynamical  Matrix in cartesian axes

     q = (    0.500000000   1.000000000   0.000000000 ) 

    1    1
  0.27572835  0.00000000   -0.00000000 -0.00000000    0.00000000  0.00000000
 -0.00000000 -0.00000000    0.31703425  0.00000000    0.00000000  0.01895766
  0.00000000  0.00000000    0.00000000 -0.01895766    0.31703425  0.00000000
    1    2
 -0.00000000 -0.00000000   -0.10702308 -0.10702308   -0.10702308  0.10702308
 -0.10702308 -0.10702308    0.00000000 -0.00000000   -0.00000000  0.00000000
 -0.10702308  0.10702308   -0.00000000  0.00000000    0.00000000 -0.00000000
    2    1
  0.00000000  0.00000000   -0.10702308  0.10702308   -0.10702308 -0.10702308
 -0.10702308  0.10702308    0.00000000  0.00000000    0.00000000  0.00000000
 -0.10702308 -0.10702308   -0.00000000  0.00000000    0.00000000  0.00000000
    2    2
  0.27572835  0.00000000   -0.00000000 -0.00000000    0.00000000  0.00000000
 -0.00000000 -0.00000000    0.31703425  0.00000000    0.00000000 -0.01895766
  0.00000000  0.00000000    0.00000000  0.01895766    0.31703425  0.00000000

     Dynamical  Matrix in cartesian axes

     q = (   -1.000000000  -0.500000000   0.000000000 ) 

    1    1
  0.31703425  0.00000000    0.00000000  0.00000000    0.00000000 -0.01895766
 -0.00000000 -0.00000000    0.27572835  0.00000000    0.00000000 -0.00000000
  0.00000000  0.01895766    0.00000000 -0.00000000    0.31703425  0.00000000
    1    2
  0.00000000  0.00000000   -0.10702308  0.10702308    0.00000000  0.00000000
 -0.10702308  0.10702308   -0.00000000  0.00000000   -0.10702308 -0.10702308
  0.00000000  0.00000000   -0.10702308 -0.10702308    0.00000000  0.00000000
    2    1
  0.00000000 -0.00000000   -0.10702308 -0.10702308    0.00000000 -0.00000000
 -0.10702308 -0.10702308    0.00000000 -0.00000000   -0.10702308  0.10702308
  0.00000000 -0.00000000   -0.10702308  0.10702308    0.00000000 -0.00000000
    2    2
  0.31703425  0.00000000    0.00000000 -0.00000000    0.00000000  0.01895766
 -0.00000000 -0.00000000    0.27572835 -0.00000000    0.00000000 -0.00000000
  0.00000000 -0.01895766    0.00000000  0.00000000    0.31703425  0.00000000

     Dynamical  Matrix in cartesian axes

     q = (    0.000000000  -0.500000000  -1.000000000 ) 

    1    1
  0.31703425  0.00000000   -0.00000000 -0.00000000    0.00000000  0.01895766
  0.00000000 -0.00000000    0.27572835 -0.00000000    0.00000000 -0.00000000
 -0.00000000 -0.01895766    0.00000000  0.00000000    0.31703425  0.00000000
    1    2
  0.00000000  0.00000000   -0.10702308 -0.10702308    0.00000000  0.00000000
 -0.10702308 -0.10702308    0.00000000 -0.00000000   -0.10702308  0.10702308
  0.00000000  0.00000000   -0.10702308  0.10702308    0.00000000  0.00000000
    2    1
 -0.00000000 -0.00000000   -0.10702308  0.10702308   -0.00000000 -0.00000000
 -0.10702308  0.10702308   -0.00000000 -0.00000000   -0.10702308 -0.10702308
 -0.00000000  0.00000000   -0.10702308 -0.10702308   -0.00000000  0.00000000
    2    2
  0.31703425  0.00000000   -0.00000000 -0.00000000    0.00000000 -0.01895766
  0.00000000 -0.00000000    0.27572835  0.00000000    0.00000000 -0.00000000
 -0.00000000  0.01895766    0.00000000 -0.00000000    0.31703425  0.00000000

     Diagonalizing the dynamical matrix

     q = (   -0.500000000  -1.000000000   0.000000000 ) 

 **************************************************************************
     freq (    1) =       6.158426 [THz] =     205.422988 [cm-1]
 (  0.286627  0.286627 -0.216009  0.326248 -0.326248 -0.216009 ) 
 ( -0.623938  0.126845  0.000000  0.249104  0.249104  0.000000 ) 
     freq (    2) =       6.158426 [THz] =     205.422988 [cm-1]
 (  0.450216  0.450216  0.137521 -0.207704  0.207704  0.137521 ) 
 (  0.397227 -0.080755  0.000000  0.391277  0.391277  0.000000 ) 
     freq (    3) =      11.226102 [THz] =     374.462446 [cm-1]
 ( -0.000000  0.000000 -0.631439 -0.308870 -0.308870  0.631439 ) 
 ( -0.000000 -0.000000 -0.000000 -0.076705  0.076705  0.000000 ) 
     freq (    4) =      11.226102 [THz] =     374.462446 [cm-1]
 ( -0.000000  0.000000  0.068903  0.033704  0.033704 -0.068903 ) 
 (  0.000000  0.000000 -0.000000 -0.702934  0.702934  0.000000 ) 
     freq (    5) =      14.856184 [THz] =     495.548943 [cm-1]
 ( -0.033131 -0.033131  0.236792 -0.476787  0.476787  0.236792 ) 
 ( -0.620163  0.208576 -0.000000  0.038122  0.038122  0.000000 ) 
     freq (    6) =      14.856184 [THz] =     495.548943 [cm-1]
 ( -0.462658 -0.462658 -0.016957  0.034143 -0.034143 -0.016957 ) 
 (  0.044410 -0.014936  0.000000  0.532350  0.532350  0.000000 ) 
 **************************************************************************
