Dynamical matrix file
Ph                                                                         
  1    2   2  10.4000000   0.0000000   0.0000000   0.0000000   0.0000000   0.0000000
           1  'Si  '    25598.823011949724     
    1    1      0.0000000000      0.0000000000      0.0000000000
    2    1      0.2500000000      0.2500000000      0.2500000000

     Dynamical  Matrix in cartesian axes

     q = (    0.000000000   0.000000000   0.000000000 ) 

    1    1
  0.25514802   0.00000000     0.00000000   0.00000000    -0.00000000   0.00000000
  0.00000000   0.00000000     0.25514802   0.00000000    -0.00000000   0.00000000
 -0.00000000   0.00000000    -0.00000000   0.00000000     0.25514802   0.00000000
    1    2
 -0.25510955   0.00000000     0.00000000   0.00000000     0.00000000   0.00000000
  0.00000000   0.00000000    -0.25510955   0.00000000    -0.00000000   0.00000000
  0.00000000   0.00000000    -0.00000000   0.00000000    -0.25510955   0.00000000
    2    1
 -0.25510955   0.00000000     0.00000000   0.00000000     0.00000000   0.00000000
  0.00000000   0.00000000    -0.25510955   0.00000000    -0.00000000   0.00000000
  0.00000000   0.00000000    -0.00000000   0.00000000    -0.25510955   0.00000000
    2    2
  0.25514802   0.00000000     0.00000000   0.00000000    -0.00000000   0.00000000
  0.00000000   0.00000000     0.25514802   0.00000000    -0.00000000   0.00000000
 -0.00000000   0.00000000    -0.00000000   0.00000000     0.25514802   0.00000000

     Dielectric Tensor:

         26.045849563688          0.000000000000         -0.000000000000
          0.000000000000         26.045849563688         -0.000000000000
         -0.000000000000         -0.000000000000         26.045849563688

     Effective Charges E-U: Z_{alpha}{s,beta}

     atom #    1
         -1.236645475385          0.000000000000          0.000000000000
          0.000000000000         -1.236645475385         -0.000000000000
          0.000000000000         -0.000000000000         -1.236645475385
     atom #    2
         -1.236645475385          0.000000000000          0.000000000000
          0.000000000000         -1.236645475385         -0.000000000000
          0.000000000000         -0.000000000000         -1.236645475385

     Effective Charges U-E: Z_{s,alpha}{beta}

     atom #    1
     -0.123664514814E+01     -0.177635683940E-14     -0.266453525910E-14
     -0.177635683940E-14     -0.123664514814E+01      0.177635683940E-14
     -0.133226762955E-14      0.222044604925E-14     -0.123664514814E+01
     atom #    2
     -0.123664514814E+01      0.000000000000E+00      0.888178419700E-15
      0.000000000000E+00     -0.123664514814E+01     -0.888178419700E-15
      0.888178419700E-15     -0.177635683940E-14     -0.123664514814E+01

     Diagonalizing the dynamical matrix

     q = (    0.000000000   0.000000000   0.000000000 ) 

 **************************************************************************
     freq (    1) =       0.127542 [THz] =       4.254347 [cm-1]
 ( -0.017383  0.000000  0.483678  0.000000  0.515512 -0.000000 ) 
 ( -0.017383  0.000000  0.483678  0.000000  0.515512 -0.000000 ) 
     freq (    2) =       0.127542 [THz] =       4.254347 [cm-1]
 (  0.695378  0.000000  0.104399  0.000000 -0.074504  0.000000 ) 
 (  0.695378  0.000000  0.104399  0.000000 -0.074504  0.000000 ) 
     freq (    3) =       0.127542 [THz] =       4.254347 [cm-1]
 ( -0.127074  0.000000  0.505130 -0.000000 -0.478222  0.000000 ) 
 ( -0.127074  0.000000  0.505130 -0.000000 -0.478222  0.000000 ) 
     freq (    4) =      14.687902 [THz] =     489.935672 [cm-1]
 ( -0.000000  0.000000  0.000000  0.000000 -0.707107  0.000000 ) 
 ( -0.000000  0.000000 -0.000000  0.000000  0.707107  0.000000 ) 
     freq (    5) =      14.687902 [THz] =     489.935672 [cm-1]
 (  0.037899  0.000000 -0.706090  0.000000 -0.000000  0.000000 ) 
 ( -0.037899  0.000000  0.706090  0.000000  0.000000  0.000000 ) 
     freq (    6) =      14.687902 [THz] =     489.935672 [cm-1]
 ( -0.706090  0.000000 -0.037899  0.000000  0.000000  0.000000 ) 
 (  0.706090  0.000000  0.037899  0.000000  0.000000  0.000000 ) 
 **************************************************************************
