Dynamical matrix file
Ph                                                                         
  1    2   2  10.4000000   0.0000000   0.0000000   0.0000000   0.0000000   0.0000000
           1  'Si  '    25598.823011949724     
    1    1      0.0000000000      0.0000000000      0.0000000000
    2    1      0.2500000000      0.2500000000      0.2500000000

     Dynamical  Matrix in cartesian axes

     q = (    0.500000000  -0.500000000   0.500000000 ) 

    1    1
  0.25033613   0.00000000    -0.01933992   0.00000000     0.01933992   0.00000000
 -0.01933992   0.00000000     0.25033613   0.00000000    -0.01933992   0.00000000
  0.01933992   0.00000000    -0.01933992   0.00000000     0.25033613   0.00000000
    1    2
 -0.13842561   0.00000000    -0.06543479   0.00000000     0.06543479   0.00000000
 -0.06543479   0.00000000    -0.13842561   0.00000000    -0.06543479   0.00000000
  0.06543479   0.00000000    -0.06543479   0.00000000    -0.13842561   0.00000000
    2    1
 -0.13842561   0.00000000    -0.06543479   0.00000000     0.06543479   0.00000000
 -0.06543479   0.00000000    -0.13842561   0.00000000    -0.06543479   0.00000000
  0.06543479   0.00000000    -0.06543479   0.00000000    -0.13842561   0.00000000
    2    2
  0.25033613   0.00000000    -0.01933992   0.00000000     0.01933992   0.00000000
 -0.01933992   0.00000000     0.25033613   0.00000000    -0.01933992   0.00000000
  0.01933992   0.00000000    -0.01933992   0.00000000     0.25033613   0.00000000

     Dynamical  Matrix in cartesian axes

     q = (    0.500000000   0.500000000   0.500000000 ) 

    1    1
  0.25033613   0.00000000     0.01933992   0.00000000     0.01933992   0.00000000
  0.01933992   0.00000000     0.25033613   0.00000000     0.01933992   0.00000000
  0.01933992   0.00000000     0.01933992   0.00000000     0.25033613   0.00000000
    1    2
  0.13842561   0.00000000    -0.06543479  -0.00000000    -0.06543479  -0.00000000
 -0.06543479  -0.00000000     0.13842561   0.00000000    -0.06543479  -0.00000000
 -0.06543479  -0.00000000    -0.06543479  -0.00000000     0.13842561   0.00000000
    2    1
  0.13842561  -0.00000000    -0.06543479   0.00000000    -0.06543479   0.00000000
 -0.06543479   0.00000000     0.13842561  -0.00000000    -0.06543479   0.00000000
 -0.06543479   0.00000000    -0.06543479   0.00000000     0.13842561  -0.00000000
    2    2
  0.25033613   0.00000000     0.01933992   0.00000000     0.01933992   0.00000000
  0.01933992   0.00000000     0.25033613   0.00000000     0.01933992   0.00000000
  0.01933992   0.00000000     0.01933992   0.00000000     0.25033613   0.00000000

     Dynamical  Matrix in cartesian axes

     q = (   -0.500000000   0.500000000   0.500000000 ) 

    1    1
  0.25033613   0.00000000    -0.01933992   0.00000000    -0.01933992   0.00000000
 -0.01933992   0.00000000     0.25033613   0.00000000     0.01933992   0.00000000
 -0.01933992   0.00000000     0.01933992   0.00000000     0.25033613   0.00000000
    1    2
 -0.13842561   0.00000000    -0.06543479   0.00000000    -0.06543479   0.00000000
 -0.06543479   0.00000000    -0.13842561   0.00000000     0.06543479   0.00000000
 -0.06543479   0.00000000     0.06543479   0.00000000    -0.13842561   0.00000000
    2    1
 -0.13842561   0.00000000    -0.06543479   0.00000000    -0.06543479   0.00000000
 -0.06543479   0.00000000    -0.13842561   0.00000000     0.06543479   0.00000000
 -0.06543479   0.00000000     0.06543479   0.00000000    -0.13842561   0.00000000
    2    2
  0.25033613   0.00000000    -0.01933992   0.00000000    -0.01933992   0.00000000
 -0.01933992   0.00000000     0.25033613   0.00000000     0.01933992   0.00000000
 -0.01933992   0.00000000     0.01933992   0.00000000     0.25033613   0.00000000

     Dynamical  Matrix in cartesian axes

     q = (    0.500000000   0.500000000  -0.500000000 ) 

    1    1
  0.25033613   0.00000000     0.01933992   0.00000000    -0.01933992   0.00000000
  0.01933992   0.00000000     0.25033613   0.00000000    -0.01933992   0.00000000
 -0.01933992   0.00000000    -0.01933992   0.00000000     0.25033613   0.00000000
    1    2
 -0.13842561   0.00000000     0.06543479   0.00000000    -0.06543479   0.00000000
  0.06543479   0.00000000    -0.13842561   0.00000000    -0.06543479   0.00000000
 -0.06543479   0.00000000    -0.06543479   0.00000000    -0.13842561   0.00000000
    2    1
 -0.13842561   0.00000000     0.06543479   0.00000000    -0.06543479   0.00000000
  0.06543479   0.00000000    -0.13842561   0.00000000    -0.06543479   0.00000000
 -0.06543479   0.00000000    -0.06543479   0.00000000    -0.13842561   0.00000000
    2    2
  0.25033613   0.00000000     0.01933992   0.00000000    -0.01933992   0.00000000
  0.01933992   0.00000000     0.25033613   0.00000000    -0.01933992   0.00000000
 -0.01933992   0.00000000    -0.01933992   0.00000000     0.25033613   0.00000000

     Diagonalizing the dynamical matrix

     q = (    0.500000000  -0.500000000   0.500000000 ) 

 **************************************************************************
     freq (    1) =       3.387165 [THz] =     112.983678 [cm-1]
 ( -0.074891  0.000000 -0.533221  0.000000 -0.458330  0.000000 ) 
 ( -0.074891  0.000000 -0.533221  0.000000 -0.458330  0.000000 ) 
     freq (    2) =       3.387165 [THz] =     112.983678 [cm-1]
 (  0.572472 -0.000000  0.221379  0.000000 -0.351094  0.000000 ) 
 (  0.572472 -0.000000  0.221379  0.000000 -0.351094  0.000000 ) 
     freq (    3) =      10.908708 [THz] =     363.875345 [cm-1]
 ( -0.408248  0.000000  0.408248  0.000000 -0.408248  0.000000 ) 
 ( -0.408248  0.000000  0.408248  0.000000 -0.408248  0.000000 ) 
     freq (    4) =      11.197733 [THz] =     373.516177 [cm-1]
 ( -0.408248  0.000000  0.408248  0.000000 -0.408248  0.000000 ) 
 (  0.408248  0.000000 -0.408248  0.000000  0.408248  0.000000 ) 
     freq (    5) =      13.559325 [THz] =     452.290397 [cm-1]
 ( -0.521330  0.000000 -0.475517  0.000000  0.045812  0.000000 ) 
 (  0.521330  0.000000  0.475517  0.000000 -0.045812  0.000000 ) 
     freq (    6) =      13.559325 [THz] =     452.290397 [cm-1]
 (  0.248090  0.000000 -0.327439  0.000000 -0.575530  0.000000 ) 
 ( -0.248090  0.000000  0.327439  0.000000  0.575530  0.000000 ) 
 **************************************************************************
