Dynamical matrix file
Ph                                                                         
  1    2  2 10.4000000  0.0000000  0.0000000  0.0000000  0.0000000  0.0000000
           1  'Si  '    25598.822984527003     
    1    1      0.0000000000      0.0000000000      0.0000000000
    2    1      0.2500000000      0.2500000000      0.2500000000

     Dynamical  Matrix in cartesian axes

     q = (    0.000000000   0.500000000   0.000000000 ) 

    1    1
  0.22389418  0.00000000    0.00000000  0.00000000   -0.00000000  0.00000000
  0.00000000  0.00000000    0.28844326  0.00000000    0.00000000  0.00000000
 -0.00000000  0.00000000    0.00000000  0.00000000    0.22389418  0.00000000
    1    2
 -0.11535283  0.11535283   -0.00000000  0.00000000   -0.06669431 -0.06669431
 -0.00000000 -0.00000000   -0.12794073  0.12794073    0.00000000 -0.00000000
 -0.06669431 -0.06669431    0.00000000  0.00000000   -0.11535283  0.11535283
    2    1
 -0.11535283 -0.11535283    0.00000000 -0.00000000   -0.06669431  0.06669431
  0.00000000  0.00000000   -0.12794073 -0.12794073   -0.00000000  0.00000000
 -0.06669431  0.06669431    0.00000000  0.00000000   -0.11535283 -0.11535283
    2    2
  0.22389418  0.00000000    0.00000000  0.00000000   -0.00000000  0.00000000
  0.00000000  0.00000000    0.28844326  0.00000000    0.00000000  0.00000000
 -0.00000000  0.00000000    0.00000000  0.00000000    0.22389418  0.00000000

     Dynamical  Matrix in cartesian axes

     q = (    0.000000000  -0.500000000   0.000000000 ) 

    1    1
  0.22389418  0.00000000   -0.00000000  0.00000000    0.00000000  0.00000000
  0.00000000  0.00000000    0.28844326  0.00000000    0.00000000  0.00000000
  0.00000000  0.00000000    0.00000000  0.00000000    0.22389418  0.00000000
    1    2
 -0.11535283 -0.11535283    0.00000000  0.00000000   -0.06669431  0.06669431
 -0.00000000  0.00000000   -0.12794073 -0.12794073    0.00000000 -0.00000000
 -0.06669431  0.06669431    0.00000000  0.00000000   -0.11535283 -0.11535283
    2    1
 -0.11535283  0.11535283   -0.00000000  0.00000000   -0.06669431 -0.06669431
 -0.00000000 -0.00000000   -0.12794073  0.12794073    0.00000000  0.00000000
 -0.06669431 -0.06669431    0.00000000  0.00000000   -0.11535283  0.11535283
    2    2
  0.22389418  0.00000000    0.00000000  0.00000000    0.00000000  0.00000000
  0.00000000  0.00000000    0.28844326  0.00000000    0.00000000  0.00000000
  0.00000000  0.00000000    0.00000000  0.00000000    0.22389418  0.00000000

     Dynamical  Matrix in cartesian axes

     q = (    0.500000000   0.000000000   0.000000000 ) 

    1    1
  0.28844326  0.00000000    0.00000000  0.00000000   -0.00000000  0.00000000
  0.00000000  0.00000000    0.22389418  0.00000000    0.00000000  0.00000000
 -0.00000000  0.00000000    0.00000000  0.00000000    0.22389418  0.00000000
    1    2
 -0.12794073  0.12794073    0.00000000  0.00000000    0.00000000 -0.00000000
  0.00000000  0.00000000   -0.11535283  0.11535283   -0.06669431 -0.06669431
 -0.00000000  0.00000000   -0.06669431 -0.06669431   -0.11535283  0.11535283
    2    1
 -0.12794073 -0.12794073    0.00000000  0.00000000    0.00000000 -0.00000000
  0.00000000  0.00000000   -0.11535283 -0.11535283   -0.06669431  0.06669431
  0.00000000 -0.00000000   -0.06669431  0.06669431   -0.11535283 -0.11535283
    2    2
  0.28844326  0.00000000    0.00000000  0.00000000   -0.00000000  0.00000000
  0.00000000  0.00000000    0.22389418  0.00000000    0.00000000  0.00000000
  0.00000000  0.00000000    0.00000000  0.00000000    0.22389418  0.00000000

     Dynamical  Matrix in cartesian axes

     q = (    0.000000000   0.000000000   0.500000000 ) 

    1    1
  0.22389418  0.00000000    0.00000000  0.00000000   -0.00000000  0.00000000
  0.00000000  0.00000000    0.22389418  0.00000000    0.00000000  0.00000000
  0.00000000  0.00000000   -0.00000000  0.00000000    0.28844326  0.00000000
    1    2
 -0.11535283  0.11535283   -0.06669431 -0.06669431    0.00000000  0.00000000
 -0.06669431 -0.06669431   -0.11535283  0.11535283    0.00000000  0.00000000
 -0.00000000 -0.00000000    0.00000000 -0.00000000   -0.12794073  0.12794073
    2    1
 -0.11535283 -0.11535283   -0.06669431  0.06669431    0.00000000 -0.00000000
 -0.06669431  0.06669431   -0.11535283 -0.11535283    0.00000000  0.00000000
  0.00000000 -0.00000000    0.00000000  0.00000000   -0.12794073 -0.12794073
    2    2
  0.22389418  0.00000000    0.00000000  0.00000000   -0.00000000  0.00000000
  0.00000000  0.00000000    0.22389418  0.00000000    0.00000000  0.00000000
  0.00000000  0.00000000    0.00000000  0.00000000    0.28844326  0.00000000

     Dynamical  Matrix in cartesian axes

     q = (    0.000000000   0.000000000  -0.500000000 ) 

    1    1
  0.22389418  0.00000000   -0.00000000  0.00000000    0.00000000  0.00000000
 -0.00000000  0.00000000    0.22389418  0.00000000    0.00000000  0.00000000
 -0.00000000  0.00000000   -0.00000000  0.00000000    0.28844326  0.00000000
    1    2
 -0.11535283 -0.11535283   -0.06669431  0.06669431    0.00000000 -0.00000000
 -0.06669431  0.06669431   -0.11535283 -0.11535283    0.00000000  0.00000000
 -0.00000000 -0.00000000    0.00000000  0.00000000   -0.12794073 -0.12794073
    2    1
 -0.11535283  0.11535283   -0.06669431 -0.06669431   -0.00000000  0.00000000
 -0.06669431 -0.06669431   -0.11535283  0.11535283   -0.00000000  0.00000000
 -0.00000000  0.00000000   -0.00000000 -0.00000000   -0.12794073  0.12794073
    2    2
  0.22389418  0.00000000    0.00000000  0.00000000    0.00000000  0.00000000
  0.00000000  0.00000000    0.22389418  0.00000000    0.00000000  0.00000000
  0.00000000  0.00000000    0.00000000  0.00000000    0.28844326  0.00000000

     Dynamical  Matrix in cartesian axes

     q = (   -0.500000000   0.000000000   0.000000000 ) 

    1    1
  0.28844326  0.00000000    0.00000000  0.00000000    0.00000000  0.00000000
  0.00000000  0.00000000    0.22389418  0.00000000    0.00000000  0.00000000
  0.00000000  0.00000000    0.00000000  0.00000000    0.22389418  0.00000000
    1    2
 -0.12794073 -0.12794073    0.00000000 -0.00000000    0.00000000  0.00000000
  0.00000000 -0.00000000   -0.11535283 -0.11535283   -0.06669431  0.06669431
  0.00000000  0.00000000   -0.06669431  0.06669431   -0.11535283 -0.11535283
    2    1
 -0.12794073  0.12794073    0.00000000  0.00000000   -0.00000000  0.00000000
 -0.00000000  0.00000000   -0.11535283  0.11535283   -0.06669431 -0.06669431
 -0.00000000  0.00000000   -0.06669431 -0.06669431   -0.11535283  0.11535283
    2    2
  0.28844326  0.00000000    0.00000000  0.00000000    0.00000000  0.00000000
  0.00000000  0.00000000    0.22389418  0.00000000    0.00000000  0.00000000
  0.00000000  0.00000000    0.00000000  0.00000000    0.22389418  0.00000000

     Diagonalizing the dynamical matrix

     q = (    0.000000000   0.500000000   0.000000000 ) 

 **************************************************************************
     freq (    1) =       3.871793 [THz] =     129.149119 [cm-1]
 ( -0.272441  0.505072  0.000000 -0.000000 -0.038176 -0.411364 ) 
 ( -0.635064  0.010323  0.000000  0.000000  0.310784  0.000000 ) 
     freq (    2) =       3.871793 [THz] =     129.149119 [cm-1]
 (  0.411930  0.031486 -0.000000  0.000000  0.500578 -0.280614 ) 
 (  0.310743 -0.005051 -0.000000 -0.000000  0.635148  0.000000 ) 
     freq (    3) =       6.741941 [THz] =     224.886929 [cm-1]
 (  0.000000 -0.000000  0.698601 -0.109344  0.000000  0.000000 ) 
 (  0.000000  0.000000  0.571303  0.416668  0.000000 -0.000000 ) 
     freq (    4) =      13.203484 [THz] =     440.420834 [cm-1]
 ( -0.478557  0.383152  0.000000 -0.000000 -0.254834 -0.243386 ) 
 (  0.703835  0.054351 -0.000000 -0.000000  0.040775  0.000000 ) 
     freq (    5) =      13.203484 [THz] =     440.420834 [cm-1]
 ( -0.223043 -0.272817  0.000000 -0.000000 -0.418860  0.447637 ) 
 ( -0.040654 -0.003139 -0.000000 -0.000000  0.705930  0.000000 ) 
     freq (    6) =      14.087267 [THz] =     469.900661 [cm-1]
 (  0.000000 -0.000000  0.593052 -0.385083  0.000000 -0.000000 ) 
 ( -0.000000  0.000000 -0.691646 -0.147056 -0.000000  0.000000 ) 
 **************************************************************************
