Dynamical matrix file
Ph                                                                         
  1    2   2  10.4000000   0.0000000   0.0000000   0.0000000   0.0000000   0.0000000
           1  'Si  '    25598.823011949724     
    1    1      0.0000000000      0.0000000000      0.0000000000
    2    1      0.2500000000      0.2500000000      0.2500000000

     Dynamical  Matrix in cartesian axes

     q = (    0.500000000   0.000000000   0.500000000 ) 

    1    1
  0.23468328   0.00000000     0.00000000   0.00723881     0.01029631   0.00000000
  0.00000000  -0.00723881     0.25052646   0.00000000     0.00000000  -0.00723881
  0.01029631   0.00000000     0.00000000   0.00723881     0.23468328   0.00000000
    1    2
 -0.00000000   0.11381959    -0.06751439  -0.00000000    -0.00000000  -0.06699346
 -0.06751439  -0.00000000    -0.00000000   0.13009852    -0.06751439  -0.00000000
  0.00000000  -0.06699346    -0.06751439  -0.00000000    -0.00000000   0.11381959
    2    1
 -0.00000000  -0.11381959    -0.06751439   0.00000000    -0.00000000   0.06699346
 -0.06751439   0.00000000    -0.00000000  -0.13009852    -0.06751439   0.00000000
  0.00000000   0.06699346    -0.06751439   0.00000000    -0.00000000  -0.11381959
    2    2
  0.23468328   0.00000000     0.00000000  -0.00723881     0.01029631   0.00000000
  0.00000000   0.00723881     0.25052646   0.00000000     0.00000000   0.00723881
  0.01029631   0.00000000     0.00000000  -0.00723881     0.23468328   0.00000000

     Dynamical  Matrix in cartesian axes

     q = (   -0.500000000   0.000000000   0.500000000 ) 

    1    1
  0.23468328   0.00000000     0.00000000   0.00723881    -0.01029631   0.00000000
  0.00000000  -0.00723881     0.25052646   0.00000000    -0.00000000   0.00723881
 -0.01029631   0.00000000     0.00000000  -0.00723881     0.23468328   0.00000000
    1    2
 -0.11381959  -0.00000000     0.00000000  -0.06751439    -0.06699346  -0.00000000
  0.00000000  -0.06751439    -0.13009852  -0.00000000    -0.00000000   0.06751439
 -0.06699346  -0.00000000    -0.00000000   0.06751439    -0.11381959  -0.00000000
    2    1
 -0.11381959   0.00000000    -0.00000000   0.06751439    -0.06699346   0.00000000
 -0.00000000   0.06751439    -0.13009852   0.00000000     0.00000000  -0.06751439
 -0.06699346   0.00000000     0.00000000  -0.06751439    -0.11381959   0.00000000
    2    2
  0.23468328   0.00000000     0.00000000  -0.00723881    -0.01029631   0.00000000
  0.00000000   0.00723881     0.25052646   0.00000000     0.00000000  -0.00723881
 -0.01029631   0.00000000     0.00000000   0.00723881     0.23468328   0.00000000

     Dynamical  Matrix in cartesian axes

     q = (   -0.500000000   0.000000000  -0.500000000 ) 

    1    1
  0.23468328   0.00000000     0.00000000  -0.00723881     0.01029631   0.00000000
  0.00000000   0.00723881     0.25052646   0.00000000     0.00000000   0.00723881
  0.01029631   0.00000000     0.00000000  -0.00723881     0.23468328   0.00000000
    1    2
  0.00000000  -0.11381959    -0.06751439   0.00000000     0.00000000   0.06699346
 -0.06751439   0.00000000     0.00000000  -0.13009852    -0.06751439   0.00000000
  0.00000000   0.06699346    -0.06751439   0.00000000    -0.00000000  -0.11381959
    2    1
  0.00000000   0.11381959    -0.06751439  -0.00000000     0.00000000  -0.06699346
 -0.06751439  -0.00000000     0.00000000   0.13009852    -0.06751439  -0.00000000
  0.00000000  -0.06699346    -0.06751439  -0.00000000    -0.00000000   0.11381959
    2    2
  0.23468328   0.00000000     0.00000000   0.00723881     0.01029631   0.00000000
  0.00000000  -0.00723881     0.25052646   0.00000000     0.00000000  -0.00723881
  0.01029631   0.00000000     0.00000000   0.00723881     0.23468328   0.00000000

     Dynamical  Matrix in cartesian axes

     q = (    0.500000000   0.000000000  -0.500000000 ) 

    1    1
  0.23468328   0.00000000     0.00000000  -0.00723881    -0.01029631   0.00000000
  0.00000000   0.00723881     0.25052646   0.00000000    -0.00000000  -0.00723881
 -0.01029631   0.00000000     0.00000000   0.00723881     0.23468328   0.00000000
    1    2
 -0.11381959   0.00000000    -0.00000000   0.06751439    -0.06699346   0.00000000
 -0.00000000   0.06751439    -0.13009852   0.00000000     0.00000000  -0.06751439
 -0.06699346   0.00000000     0.00000000  -0.06751439    -0.11381959   0.00000000
    2    1
 -0.11381959  -0.00000000     0.00000000  -0.06751439    -0.06699346  -0.00000000
  0.00000000  -0.06751439    -0.13009852  -0.00000000    -0.00000000   0.06751439
 -0.06699346  -0.00000000    -0.00000000   0.06751439    -0.11381959  -0.00000000
    2    2
  0.23468328   0.00000000     0.00000000   0.00723881    -0.01029631   0.00000000
  0.00000000  -0.00723881     0.25052646   0.00000000     0.00000000   0.00723881
 -0.01029631   0.00000000     0.00000000  -0.00723881     0.23468328   0.00000000

     Dynamical  Matrix in cartesian axes

     q = (    0.000000000   0.500000000  -0.500000000 ) 

    1    1
  0.25052646   0.00000000     0.00000000   0.00723881     0.00000000  -0.00723881
  0.00000000  -0.00723881     0.23468328   0.00000000    -0.01029631   0.00000000
  0.00000000   0.00723881    -0.01029631   0.00000000     0.23468328   0.00000000
    1    2
 -0.13009852   0.00000000     0.00000000   0.06751439     0.00000000  -0.06751439
  0.00000000   0.06751439    -0.11381959   0.00000000    -0.06699346  -0.00000000
  0.00000000  -0.06751439    -0.06699346  -0.00000000    -0.11381959   0.00000000
    2    1
 -0.13009852  -0.00000000     0.00000000  -0.06751439    -0.00000000   0.06751439
  0.00000000  -0.06751439    -0.11381959  -0.00000000    -0.06699346   0.00000000
 -0.00000000   0.06751439    -0.06699346   0.00000000    -0.11381959  -0.00000000
    2    2
  0.25052646   0.00000000     0.00000000  -0.00723881     0.00000000   0.00723881
  0.00000000   0.00723881     0.23468328   0.00000000    -0.01029631   0.00000000
  0.00000000  -0.00723881    -0.01029631   0.00000000     0.23468328   0.00000000

     Dynamical  Matrix in cartesian axes

     q = (   -0.500000000   0.500000000   0.000000000 ) 

    1    1
  0.23468328   0.00000000    -0.01029631   0.00000000     0.00000000   0.00723881
 -0.01029631   0.00000000     0.23468328   0.00000000     0.00000000  -0.00723881
 -0.00000000  -0.00723881    -0.00000000   0.00723881     0.25052646   0.00000000
    1    2
 -0.11381959  -0.00000000    -0.06699346  -0.00000000     0.00000000  -0.06751439
 -0.06699346  -0.00000000    -0.11381959  -0.00000000     0.00000000   0.06751439
  0.00000000  -0.06751439    -0.00000000   0.06751439    -0.13009852  -0.00000000
    2    1
 -0.11381959   0.00000000    -0.06699346   0.00000000    -0.00000000   0.06751439
 -0.06699346   0.00000000    -0.11381959   0.00000000     0.00000000  -0.06751439
 -0.00000000   0.06751439     0.00000000  -0.06751439    -0.13009852   0.00000000
    2    2
  0.23468328   0.00000000    -0.01029631   0.00000000    -0.00000000  -0.00723881
 -0.01029631   0.00000000     0.23468328   0.00000000    -0.00000000   0.00723881
  0.00000000   0.00723881     0.00000000  -0.00723881     0.25052646   0.00000000

     Dynamical  Matrix in cartesian axes

     q = (    0.000000000   0.500000000   0.500000000 ) 

    1    1
  0.25052646   0.00000000     0.00000000  -0.00723881    -0.00000000  -0.00723881
 -0.00000000   0.00723881     0.23468328   0.00000000     0.01029631   0.00000000
  0.00000000   0.00723881     0.01029631   0.00000000     0.23468328   0.00000000
    1    2
  0.00000000   0.13009852    -0.06751439  -0.00000000    -0.06751439  -0.00000000
 -0.06751439  -0.00000000    -0.00000000   0.11381959     0.00000000  -0.06699346
 -0.06751439  -0.00000000     0.00000000  -0.06699346     0.00000000   0.11381959
    2    1
  0.00000000  -0.13009852    -0.06751439   0.00000000    -0.06751439   0.00000000
 -0.06751439   0.00000000    -0.00000000  -0.11381959     0.00000000   0.06699346
 -0.06751439   0.00000000     0.00000000   0.06699346     0.00000000  -0.11381959
    2    2
  0.25052646   0.00000000     0.00000000   0.00723881     0.00000000   0.00723881
  0.00000000  -0.00723881     0.23468328   0.00000000     0.01029631   0.00000000
  0.00000000  -0.00723881     0.01029631   0.00000000     0.23468328   0.00000000

     Dynamical  Matrix in cartesian axes

     q = (    0.000000000  -0.500000000  -0.500000000 ) 

    1    1
  0.25052646   0.00000000     0.00000000   0.00723881    -0.00000000   0.00723881
 -0.00000000  -0.00723881     0.23468328   0.00000000     0.01029631   0.00000000
  0.00000000  -0.00723881     0.01029631   0.00000000     0.23468328   0.00000000
    1    2
  0.00000000  -0.13009852    -0.06751439   0.00000000    -0.06751439   0.00000000
 -0.06751439   0.00000000    -0.00000000  -0.11381959     0.00000000   0.06699346
 -0.06751439   0.00000000     0.00000000   0.06699346    -0.00000000  -0.11381959
    2    1
  0.00000000   0.13009852    -0.06751439  -0.00000000    -0.06751439  -0.00000000
 -0.06751439  -0.00000000    -0.00000000   0.11381959     0.00000000  -0.06699346
 -0.06751439  -0.00000000     0.00000000  -0.06699346    -0.00000000   0.11381959
    2    2
  0.25052646   0.00000000     0.00000000  -0.00723881     0.00000000  -0.00723881
  0.00000000   0.00723881     0.23468328   0.00000000     0.01029631   0.00000000
  0.00000000   0.00723881     0.01029631   0.00000000     0.23468328   0.00000000

     Dynamical  Matrix in cartesian axes

     q = (    0.500000000   0.500000000   0.000000000 ) 

    1    1
  0.23468328   0.00000000     0.01029631   0.00000000     0.00000000   0.00723881
  0.01029631   0.00000000     0.23468328   0.00000000     0.00000000   0.00723881
  0.00000000  -0.00723881     0.00000000  -0.00723881     0.25052646   0.00000000
    1    2
 -0.00000000   0.11381959    -0.00000000  -0.06699346    -0.06751439  -0.00000000
  0.00000000  -0.06699346    -0.00000000   0.11381959    -0.06751439  -0.00000000
 -0.06751439  -0.00000000    -0.06751439   0.00000000    -0.00000000   0.13009852
    2    1
 -0.00000000  -0.11381959    -0.00000000   0.06699346    -0.06751439   0.00000000
  0.00000000   0.06699346    -0.00000000  -0.11381959    -0.06751439   0.00000000
 -0.06751439   0.00000000    -0.06751439   0.00000000    -0.00000000  -0.13009852
    2    2
  0.23468328   0.00000000     0.01029631   0.00000000     0.00000000  -0.00723881
  0.01029631   0.00000000     0.23468328   0.00000000     0.00000000  -0.00723881
  0.00000000   0.00723881     0.00000000   0.00723881     0.25052646   0.00000000

     Dynamical  Matrix in cartesian axes

     q = (    0.500000000  -0.500000000   0.000000000 ) 

    1    1
  0.23468328   0.00000000    -0.01029631   0.00000000     0.00000000  -0.00723881
 -0.01029631   0.00000000     0.23468328   0.00000000     0.00000000   0.00723881
 -0.00000000   0.00723881    -0.00000000  -0.00723881     0.25052646   0.00000000
    1    2
 -0.11381959   0.00000000    -0.06699346   0.00000000    -0.00000000   0.06751439
 -0.06699346   0.00000000    -0.11381959   0.00000000     0.00000000  -0.06751439
 -0.00000000   0.06751439     0.00000000  -0.06751439    -0.13009852   0.00000000
    2    1
 -0.11381959  -0.00000000    -0.06699346  -0.00000000    -0.00000000  -0.06751439
 -0.06699346  -0.00000000    -0.11381959  -0.00000000    -0.00000000   0.06751439
  0.00000000  -0.06751439    -0.00000000   0.06751439    -0.13009852  -0.00000000
    2    2
  0.23468328   0.00000000    -0.01029631   0.00000000    -0.00000000   0.00723881
 -0.01029631   0.00000000     0.23468328   0.00000000    -0.00000000  -0.00723881
  0.00000000  -0.00723881     0.00000000   0.00723881     0.25052646   0.00000000

     Dynamical  Matrix in cartesian axes

     q = (   -0.500000000  -0.500000000   0.000000000 ) 

    1    1
  0.23468328   0.00000000     0.01029631   0.00000000     0.00000000  -0.00723881
  0.01029631   0.00000000     0.23468328   0.00000000     0.00000000  -0.00723881
  0.00000000   0.00723881     0.00000000   0.00723881     0.25052646   0.00000000
    1    2
 -0.00000000  -0.11381959     0.00000000   0.06699346    -0.06751439   0.00000000
  0.00000000   0.06699346    -0.00000000  -0.11381959    -0.06751439   0.00000000
 -0.06751439   0.00000000    -0.06751439   0.00000000     0.00000000  -0.13009852
    2    1
 -0.00000000   0.11381959     0.00000000  -0.06699346    -0.06751439  -0.00000000
  0.00000000  -0.06699346    -0.00000000   0.11381959    -0.06751439  -0.00000000
 -0.06751439  -0.00000000    -0.06751439   0.00000000     0.00000000   0.13009852
    2    2
  0.23468328   0.00000000     0.01029631   0.00000000     0.00000000   0.00723881
  0.01029631   0.00000000     0.23468328   0.00000000     0.00000000   0.00723881
  0.00000000  -0.00723881     0.00000000  -0.00723881     0.25052646   0.00000000

     Dynamical  Matrix in cartesian axes

     q = (    0.000000000  -0.500000000   0.500000000 ) 

    1    1
  0.25052646   0.00000000     0.00000000  -0.00723881     0.00000000   0.00723881
  0.00000000   0.00723881     0.23468328   0.00000000    -0.01029631   0.00000000
  0.00000000  -0.00723881    -0.01029631   0.00000000     0.23468328   0.00000000
    1    2
 -0.13009852   0.00000000     0.00000000  -0.06751439    -0.00000000   0.06751439
  0.00000000  -0.06751439    -0.11381959   0.00000000    -0.06699346   0.00000000
 -0.00000000   0.06751439    -0.06699346   0.00000000    -0.11381959   0.00000000
    2    1
 -0.13009852   0.00000000     0.00000000   0.06751439     0.00000000  -0.06751439
  0.00000000   0.06751439    -0.11381959   0.00000000    -0.06699346   0.00000000
  0.00000000  -0.06751439    -0.06699346   0.00000000    -0.11381959   0.00000000
    2    2
  0.25052646   0.00000000     0.00000000   0.00723881     0.00000000  -0.00723881
  0.00000000  -0.00723881     0.23468328   0.00000000    -0.01029631   0.00000000
  0.00000000   0.00723881    -0.01029631   0.00000000     0.23468328   0.00000000

     Diagonalizing the dynamical matrix

     q = (    0.500000000   0.000000000   0.500000000 ) 

 **************************************************************************
     freq (    1) =       4.292185 [THz] =     143.171874 [cm-1]
 ( -0.000000 -0.500000 -0.000000  0.000000 -0.000000  0.500000 ) 
 (  0.500000  0.000000 -0.000000 -0.000000 -0.500000  0.000000 ) 
     freq (    2) =       6.003594 [THz] =     200.258337 [cm-1]
 ( -0.000000  0.190738  0.653634  0.000000 -0.000000  0.190738 ) 
 (  0.190738  0.000000 -0.000000  0.653634  0.190738  0.000000 ) 
     freq (    3) =       7.956894 [THz] =     265.413428 [cm-1]
 (  0.000000  0.454609 -0.294384  0.000000 -0.000000  0.454609 ) 
 ( -0.454609  0.000000 -0.000000  0.294384 -0.454609  0.000000 ) 
     freq (    4) =      11.757860 [THz] =     392.200008 [cm-1]
 (  0.000000  0.462189 -0.269745  0.000000  0.000000  0.462189 ) 
 (  0.462189 -0.000000  0.000000 -0.269745  0.462189  0.000000 ) 
     freq (    5) =      13.088798 [THz] =     436.595310 [cm-1]
 ( -0.000000 -0.500000 -0.000000 -0.000000  0.000000  0.500000 ) 
 ( -0.500000  0.000000 -0.000000  0.000000  0.500000  0.000000 ) 
     freq (    6) =      13.468207 [THz] =     449.251020 [cm-1]
 (  0.000000 -0.208161 -0.642914  0.000000 -0.000000 -0.208161 ) 
 (  0.208161 -0.000000  0.000000  0.642914  0.208161  0.000000 ) 
 **************************************************************************
