Dynamical matrix file
Ph                                                                         
  1    2  2 10.4000000  0.0000000  0.0000000  0.0000000  0.0000000  0.0000000
           1  'Si  '    25598.822984527003     
    1    1      0.0000000000      0.0000000000      0.0000000000
    2    1      0.2500000000      0.2500000000      0.2500000000

     Dynamical  Matrix in cartesian axes

     q = (    0.000000000  -1.000000000   0.000000000 ) 

    1    1
  0.20575475  0.00000000    0.00000000  0.00000000   -0.00000000  0.00000000
  0.00000000  0.00000000    0.30875328  0.00000000    0.00000000  0.00000000
 -0.00000000  0.00000000    0.00000000  0.00000000    0.20575475  0.00000000
    1    2
  0.00000000  0.00000000    0.00000000 -0.00000000   -0.15593051  0.00000000
 -0.00000000  0.00000000   -0.00000000  0.00000000   -0.00000000 -0.00000000
 -0.15593051  0.00000000    0.00000000 -0.00000000    0.00000000  0.00000000
    2    1
  0.00000000 -0.00000000    0.00000000  0.00000000   -0.15593051 -0.00000000
  0.00000000 -0.00000000    0.00000000 -0.00000000    0.00000000  0.00000000
 -0.15593051 -0.00000000    0.00000000  0.00000000    0.00000000 -0.00000000
    2    2
  0.20575475  0.00000000    0.00000000  0.00000000   -0.00000000  0.00000000
  0.00000000  0.00000000    0.30875328  0.00000000   -0.00000000  0.00000000
 -0.00000000  0.00000000   -0.00000000  0.00000000    0.20575475  0.00000000

     Dynamical  Matrix in cartesian axes

     q = (   -1.000000000   0.000000000   0.000000000 ) 

    1    1
  0.30875328  0.00000000   -0.00000000  0.00000000    0.00000000  0.00000000
  0.00000000  0.00000000    0.20575475  0.00000000    0.00000000  0.00000000
  0.00000000  0.00000000    0.00000000  0.00000000    0.20575475  0.00000000
    1    2
 -0.00000000  0.00000000    0.00000000  0.00000000   -0.00000000 -0.00000000
 -0.00000000  0.00000000   -0.00000000  0.00000000   -0.15593051  0.00000000
 -0.00000000  0.00000000   -0.15593051  0.00000000   -0.00000000  0.00000000
    2    1
  0.00000000 -0.00000000    0.00000000 -0.00000000    0.00000000 -0.00000000
  0.00000000  0.00000000    0.00000000 -0.00000000   -0.15593051 -0.00000000
  0.00000000  0.00000000   -0.15593051 -0.00000000    0.00000000 -0.00000000
    2    2
  0.30875328  0.00000000   -0.00000000  0.00000000    0.00000000  0.00000000
 -0.00000000  0.00000000    0.20575475  0.00000000    0.00000000  0.00000000
  0.00000000  0.00000000    0.00000000  0.00000000    0.20575475  0.00000000

     Dynamical  Matrix in cartesian axes

     q = (    0.000000000   0.000000000  -1.000000000 ) 

    1    1
  0.20575475  0.00000000   -0.00000000  0.00000000    0.00000000  0.00000000
 -0.00000000  0.00000000    0.20575475  0.00000000   -0.00000000  0.00000000
  0.00000000  0.00000000   -0.00000000  0.00000000    0.30875328  0.00000000
    1    2
  0.00000000  0.00000000   -0.15593051  0.00000000    0.00000000  0.00000000
 -0.15593051  0.00000000    0.00000000  0.00000000    0.00000000  0.00000000
  0.00000000  0.00000000    0.00000000 -0.00000000    0.00000000  0.00000000
    2    1
 -0.00000000 -0.00000000   -0.15593051 -0.00000000   -0.00000000  0.00000000
 -0.15593051 -0.00000000   -0.00000000 -0.00000000    0.00000000  0.00000000
 -0.00000000 -0.00000000    0.00000000 -0.00000000   -0.00000000 -0.00000000
    2    2
  0.20575475  0.00000000   -0.00000000  0.00000000   -0.00000000  0.00000000
 -0.00000000  0.00000000    0.20575475  0.00000000   -0.00000000  0.00000000
  0.00000000  0.00000000    0.00000000  0.00000000    0.30875328  0.00000000

     Diagonalizing the dynamical matrix

     q = (    0.000000000  -1.000000000   0.000000000 ) 

 **************************************************************************
     freq (    1) =       4.589711 [THz] =     153.096285 [cm-1]
 ( -0.500495  0.000000  0.000000  0.000000  0.499504  0.000000 ) 
 (  0.499504  0.000000  0.000000  0.000000 -0.500495  0.000000 ) 
     freq (    2) =       4.589711 [THz] =     153.096285 [cm-1]
 ( -0.499504  0.000000  0.000000  0.000000 -0.500495  0.000000 ) 
 ( -0.500495  0.000000 -0.000000  0.000000 -0.499504  0.000000 ) 
     freq (    3) =      11.425385 [THz] =     381.109805 [cm-1]
 ( -0.000000  0.000000 -0.453148  0.000000  0.000000  0.000000 ) 
 (  0.000000  0.000000 -0.891435  0.000000  0.000000 -0.000000 ) 
     freq (    4) =      11.425385 [THz] =     381.109805 [cm-1]
 (  0.000000  0.000000  0.891435 -0.000000  0.000000 -0.000000 ) 
 ( -0.000000  0.000000 -0.453148  0.000000  0.000000  0.000000 ) 
     freq (    5) =      12.366034 [THz] =     412.486500 [cm-1]
 ( -0.652497  0.000000 -0.000000  0.000000  0.272484  0.000000 ) 
 ( -0.272484  0.000000  0.000000  0.000000  0.652497  0.000000 ) 
     freq (    6) =      12.366034 [THz] =     412.486500 [cm-1]
 ( -0.272484  0.000000  0.000000  0.000000 -0.652497  0.000000 ) 
 (  0.652497  0.000000 -0.000000  0.000000  0.272484  0.000000 ) 
 **************************************************************************
