Dynamical matrix file
Ph                                                                         
  1    2   2  10.4000000   0.0000000   0.0000000   0.0000000   0.0000000   0.0000000
           1  'Si  '    25598.823011949724     
    1    1      0.0000000000      0.0000000000      0.0000000000
    2    1      0.2500000000      0.2500000000      0.2500000000

     Dynamical  Matrix in cartesian axes

     q = (   -0.500000000  -1.000000000   0.000000000 ) 

    1    1
  0.20859544   0.00000000     0.00000000  -0.00000000     0.00000000   0.00000000
  0.00000000  -0.00000000     0.24430348   0.00000000     0.00000000  -0.01614378
 -0.00000000   0.00000000     0.00000000   0.01614378     0.24430348   0.00000000
    1    2
  0.00000000  -0.00000000    -0.06692201   0.06692201    -0.06692201  -0.06692201
 -0.06692201   0.06692201    -0.00000000  -0.00000000    -0.00000000   0.00000000
 -0.06692201  -0.06692201     0.00000000   0.00000000     0.00000000  -0.00000000
    2    1
 -0.00000000  -0.00000000    -0.06692201  -0.06692201    -0.06692201   0.06692201
 -0.06692201  -0.06692201    -0.00000000  -0.00000000     0.00000000   0.00000000
 -0.06692201   0.06692201     0.00000000   0.00000000    -0.00000000  -0.00000000
    2    2
  0.20859544   0.00000000    -0.00000000  -0.00000000     0.00000000   0.00000000
 -0.00000000  -0.00000000     0.24430348   0.00000000     0.00000000   0.01614378
  0.00000000   0.00000000     0.00000000  -0.01614378     0.24430348   0.00000000

     Dynamical  Matrix in cartesian axes

     q = (    0.000000000   1.000000000   0.500000000 ) 

    1    1
  0.24430348   0.00000000    -0.00000000  -0.01614378     0.00000000   0.00000000
 -0.00000000   0.01614378     0.24430348   0.00000000     0.00000000  -0.00000000
  0.00000000   0.00000000    -0.00000000  -0.00000000     0.20859544   0.00000000
    1    2
 -0.00000000  -0.00000000    -0.00000000   0.00000000    -0.06692201   0.06692201
 -0.00000000   0.00000000    -0.00000000  -0.00000000    -0.06692201  -0.06692201
 -0.06692201   0.06692201    -0.06692201  -0.06692201    -0.00000000  -0.00000000
    2    1
  0.00000000   0.00000000     0.00000000  -0.00000000    -0.06692201  -0.06692201
  0.00000000  -0.00000000     0.00000000  -0.00000000    -0.06692201   0.06692201
 -0.06692201  -0.06692201    -0.06692201   0.06692201     0.00000000   0.00000000
    2    2
  0.24430348   0.00000000    -0.00000000   0.01614378     0.00000000   0.00000000
 -0.00000000  -0.01614378     0.24430348   0.00000000     0.00000000  -0.00000000
  0.00000000   0.00000000     0.00000000   0.00000000     0.20859544   0.00000000

     Dynamical  Matrix in cartesian axes

     q = (    0.000000000  -1.000000000  -0.500000000 ) 

    1    1
  0.24430348   0.00000000    -0.00000000   0.01614378     0.00000000   0.00000000
 -0.00000000  -0.01614378     0.24430348   0.00000000     0.00000000  -0.00000000
  0.00000000   0.00000000     0.00000000   0.00000000     0.20859544   0.00000000
    1    2
  0.00000000  -0.00000000    -0.00000000  -0.00000000    -0.06692201  -0.06692201
  0.00000000  -0.00000000    -0.00000000   0.00000000    -0.06692201   0.06692201
 -0.06692201  -0.06692201    -0.06692201   0.06692201    -0.00000000   0.00000000
    2    1
 -0.00000000   0.00000000    -0.00000000   0.00000000    -0.06692201   0.06692201
 -0.00000000   0.00000000    -0.00000000  -0.00000000    -0.06692201  -0.06692201
 -0.06692201   0.06692201    -0.06692201  -0.06692201    -0.00000000  -0.00000000
    2    2
  0.24430348   0.00000000    -0.00000000  -0.01614378     0.00000000   0.00000000
 -0.00000000   0.01614378     0.24430348   0.00000000     0.00000000  -0.00000000
  0.00000000   0.00000000     0.00000000  -0.00000000     0.20859544   0.00000000

     Dynamical  Matrix in cartesian axes

     q = (    0.500000000   1.000000000   0.000000000 ) 

    1    1
  0.20859544   0.00000000    -0.00000000  -0.00000000     0.00000000   0.00000000
  0.00000000  -0.00000000     0.24430348   0.00000000     0.00000000   0.01614378
  0.00000000   0.00000000     0.00000000  -0.01614378     0.24430348   0.00000000
    1    2
 -0.00000000  -0.00000000    -0.06692201  -0.06692201    -0.06692201   0.06692201
 -0.06692201  -0.06692201    -0.00000000  -0.00000000     0.00000000   0.00000000
 -0.06692201   0.06692201     0.00000000   0.00000000    -0.00000000  -0.00000000
    2    1
  0.00000000  -0.00000000    -0.06692201   0.06692201    -0.06692201  -0.06692201
 -0.06692201   0.06692201    -0.00000000  -0.00000000    -0.00000000   0.00000000
 -0.06692201  -0.06692201     0.00000000   0.00000000     0.00000000  -0.00000000
    2    2
  0.20859544   0.00000000    -0.00000000  -0.00000000     0.00000000   0.00000000
  0.00000000  -0.00000000     0.24430348   0.00000000     0.00000000  -0.01614378
 -0.00000000   0.00000000     0.00000000   0.01614378     0.24430348   0.00000000

     Dynamical  Matrix in cartesian axes

     q = (   -1.000000000  -0.500000000   0.000000000 ) 

    1    1
  0.24430348   0.00000000     0.00000000  -0.00000000    -0.00000000  -0.01614378
  0.00000000  -0.00000000     0.20859544   0.00000000     0.00000000   0.00000000
 -0.00000000   0.01614378     0.00000000  -0.00000000     0.24430348   0.00000000
    1    2
  0.00000000  -0.00000000    -0.06692201   0.06692201     0.00000000   0.00000000
 -0.06692201   0.06692201     0.00000000   0.00000000    -0.06692201  -0.06692201
  0.00000000  -0.00000000    -0.06692201  -0.06692201     0.00000000   0.00000000
    2    1
  0.00000000  -0.00000000    -0.06692201  -0.06692201     0.00000000   0.00000000
 -0.06692201  -0.06692201    -0.00000000  -0.00000000    -0.06692201   0.06692201
  0.00000000  -0.00000000    -0.06692201   0.06692201     0.00000000   0.00000000
    2    2
  0.24430348   0.00000000     0.00000000  -0.00000000    -0.00000000   0.01614378
  0.00000000  -0.00000000     0.20859544   0.00000000     0.00000000  -0.00000000
 -0.00000000  -0.01614378     0.00000000  -0.00000000     0.24430348   0.00000000

     Dynamical  Matrix in cartesian axes

     q = (    0.000000000  -0.500000000  -1.000000000 ) 

    1    1
  0.24430348   0.00000000    -0.00000000  -0.00000000    -0.00000000   0.01614378
  0.00000000  -0.00000000     0.20859544   0.00000000     0.00000000  -0.00000000
 -0.00000000  -0.01614378     0.00000000  -0.00000000     0.24430348   0.00000000
    1    2
  0.00000000   0.00000000    -0.06692201  -0.06692201     0.00000000   0.00000000
 -0.06692201  -0.06692201     0.00000000  -0.00000000    -0.06692201   0.06692201
  0.00000000   0.00000000    -0.06692201   0.06692201     0.00000000   0.00000000
    2    1
 -0.00000000   0.00000000    -0.06692201   0.06692201    -0.00000000   0.00000000
 -0.06692201   0.06692201     0.00000000   0.00000000    -0.06692201  -0.06692201
 -0.00000000   0.00000000    -0.06692201  -0.06692201    -0.00000000   0.00000000
    2    2
  0.24430348   0.00000000     0.00000000  -0.00000000    -0.00000000  -0.01614378
 -0.00000000  -0.00000000     0.20859544   0.00000000    -0.00000000   0.00000000
 -0.00000000   0.01614378     0.00000000  -0.00000000     0.24430348   0.00000000

     Diagonalizing the dynamical matrix

     q = (   -0.500000000  -1.000000000   0.000000000 ) 

 **************************************************************************
     freq (    1) =       6.443140 [THz] =     214.920007 [cm-1]
 (  0.065323  0.065323 -0.102390  0.434823 -0.434823 -0.102390 ) 
 ( -0.651258  0.403005  0.000000  0.053884  0.053884  0.000000 ) 
     freq (    2) =       6.443140 [THz] =     214.920007 [cm-1]
 ( -0.541549 -0.541549 -0.012350  0.052449 -0.052449 -0.012350 ) 
 ( -0.078556  0.048611 -0.000000 -0.446715 -0.446715  0.000000 ) 
     freq (    3) =       9.821651 [THz] =     327.615016 [cm-1]
 ( -0.000000  0.000000 -0.284474 -0.568949 -0.568949  0.284474 ) 
 ( -0.000000  0.000000 -0.000000 -0.308823  0.308823  0.000000 ) 
     freq (    4) =       9.821651 [THz] =     327.615016 [cm-1]
 (  0.000000  0.000000 -0.138110 -0.276219 -0.276219  0.138110 ) 
 (  0.000000  0.000000  0.000000  0.636104 -0.636104  0.000000 ) 
     freq (    5) =      12.521780 [THz] =     417.681607 [cm-1]
 (  0.059628  0.059628 -0.123923  0.526269 -0.526269 -0.123923 ) 
 (  0.536334 -0.331889  0.000000 -0.072287 -0.072287  0.000000 ) 
     freq (    6) =      12.521780 [THz] =     417.681607 [cm-1]
 ( -0.445985 -0.445985 -0.016569  0.070362 -0.070362 -0.016569 ) 
 (  0.071708 -0.044374  0.000000  0.540663  0.540663  0.000000 ) 
 **************************************************************************
