Dynamical matrix file
Ph                                                                         
  1    2  2 10.3000000  0.0000000  0.0000000  0.0000000  0.0000000  0.0000000
           1  'Si  '    25598.822984527003     
    1    1      0.0000000000      0.0000000000      0.0000000000
    2    1      0.2500000000      0.2500000000      0.2500000000

     Dynamical  Matrix in cartesian axes

     q = (    0.500000000   0.000000000   0.500000000 ) 

    1    1
  0.25032418  0.00000000    0.00000000  0.00748655    0.01139460  0.00000000
  0.00000000 -0.00748655    0.26629583  0.00000000   -0.00000000 -0.00748655
  0.01139460  0.00000000    0.00000000  0.00748655    0.25032418  0.00000000
    1    2
  0.00000000  0.12099300   -0.07636867  0.00000000    0.00000000 -0.07573580
 -0.07636867  0.00000000   -0.00000000  0.13717221   -0.07636867  0.00000000
  0.00000000 -0.07573580   -0.07636867  0.00000000    0.00000000  0.12099300
    2    1
  0.00000000 -0.12099300   -0.07636867 -0.00000000    0.00000000  0.07573580
 -0.07636867  0.00000000   -0.00000000 -0.13717221   -0.07636867  0.00000000
  0.00000000  0.07573580   -0.07636867 -0.00000000    0.00000000 -0.12099300
    2    2
  0.25032418  0.00000000    0.00000000 -0.00748655    0.01139460  0.00000000
  0.00000000  0.00748655    0.26629583  0.00000000   -0.00000000  0.00748655
  0.01139460  0.00000000    0.00000000 -0.00748655    0.25032418  0.00000000

     Dynamical  Matrix in cartesian axes

     q = (   -0.500000000   0.000000000   0.500000000 ) 

    1    1
  0.25032418  0.00000000    0.00000000  0.00748655   -0.01139460  0.00000000
  0.00000000 -0.00748655    0.26629583  0.00000000    0.00000000  0.00748655
 -0.01139460  0.00000000    0.00000000 -0.00748655    0.25032418  0.00000000
    1    2
 -0.12099300  0.00000000    0.00000000 -0.07636867   -0.07573580  0.00000000
  0.00000000 -0.07636867   -0.13717221  0.00000000    0.00000000  0.07636867
 -0.07573580  0.00000000    0.00000000  0.07636867   -0.12099300  0.00000000
    2    1
 -0.12099300  0.00000000    0.00000000  0.07636867   -0.07573580  0.00000000
  0.00000000  0.07636867   -0.13717221  0.00000000    0.00000000 -0.07636867
 -0.07573580  0.00000000    0.00000000 -0.07636867   -0.12099300  0.00000000
    2    2
  0.25032418  0.00000000    0.00000000 -0.00748655   -0.01139460  0.00000000
  0.00000000  0.00748655    0.26629583  0.00000000    0.00000000 -0.00748655
 -0.01139460  0.00000000    0.00000000  0.00748655    0.25032418  0.00000000

     Dynamical  Matrix in cartesian axes

     q = (   -0.500000000   0.000000000  -0.500000000 ) 

    1    1
  0.25032418  0.00000000    0.00000000 -0.00748655    0.01139460  0.00000000
  0.00000000  0.00748655    0.26629583  0.00000000   -0.00000000  0.00748655
  0.01139460  0.00000000    0.00000000 -0.00748655    0.25032418  0.00000000
    1    2
  0.00000000 -0.12099300   -0.07636867  0.00000000    0.00000000  0.07573580
 -0.07636867  0.00000000   -0.00000000 -0.13717221   -0.07636867  0.00000000
  0.00000000  0.07573580   -0.07636867  0.00000000    0.00000000 -0.12099300
    2    1
  0.00000000  0.12099300   -0.07636867  0.00000000    0.00000000 -0.07573580
 -0.07636867  0.00000000   -0.00000000  0.13717221   -0.07636867  0.00000000
  0.00000000 -0.07573580   -0.07636867  0.00000000    0.00000000  0.12099300
    2    2
  0.25032418  0.00000000    0.00000000  0.00748655    0.01139460  0.00000000
  0.00000000 -0.00748655    0.26629583  0.00000000   -0.00000000 -0.00748655
  0.01139460  0.00000000    0.00000000  0.00748655    0.25032418  0.00000000

     Dynamical  Matrix in cartesian axes

     q = (    0.500000000   0.000000000  -0.500000000 ) 

    1    1
  0.25032418  0.00000000    0.00000000 -0.00748655   -0.01139460  0.00000000
  0.00000000  0.00748655    0.26629583  0.00000000    0.00000000 -0.00748655
 -0.01139460  0.00000000    0.00000000  0.00748655    0.25032418  0.00000000
    1    2
 -0.12099300  0.00000000    0.00000000  0.07636867   -0.07573580  0.00000000
  0.00000000  0.07636867   -0.13717221  0.00000000    0.00000000 -0.07636867
 -0.07573580  0.00000000    0.00000000 -0.07636867   -0.12099300  0.00000000
    2    1
 -0.12099300  0.00000000    0.00000000 -0.07636867   -0.07573580  0.00000000
  0.00000000 -0.07636867   -0.13717221  0.00000000    0.00000000  0.07636867
 -0.07573580  0.00000000    0.00000000  0.07636867   -0.12099300  0.00000000
    2    2
  0.25032418  0.00000000    0.00000000  0.00748655   -0.01139460  0.00000000
  0.00000000 -0.00748655    0.26629583  0.00000000    0.00000000  0.00748655
 -0.01139460  0.00000000    0.00000000 -0.00748655    0.25032418  0.00000000

     Dynamical  Matrix in cartesian axes

     q = (    0.000000000   0.500000000  -0.500000000 ) 

    1    1
  0.26629583  0.00000000    0.00000000  0.00748655    0.00000000 -0.00748655
  0.00000000 -0.00748655    0.25032418  0.00000000   -0.01139460  0.00000000
  0.00000000  0.00748655   -0.01139460  0.00000000    0.25032418  0.00000000
    1    2
 -0.13717221  0.00000000    0.00000000  0.07636867   -0.00000000 -0.07636867
 -0.00000000  0.07636867   -0.12099300  0.00000000   -0.07573580  0.00000000
  0.00000000 -0.07636867   -0.07573580  0.00000000   -0.12099300  0.00000000
    2    1
 -0.13717221  0.00000000    0.00000000 -0.07636867    0.00000000  0.07636867
  0.00000000 -0.07636867   -0.12099300  0.00000000   -0.07573580  0.00000000
  0.00000000  0.07636867   -0.07573580  0.00000000   -0.12099300  0.00000000
    2    2
  0.26629583  0.00000000    0.00000000 -0.00748655    0.00000000  0.00748655
  0.00000000  0.00748655    0.25032418  0.00000000   -0.01139460  0.00000000
  0.00000000 -0.00748655   -0.01139460  0.00000000    0.25032418  0.00000000

     Dynamical  Matrix in cartesian axes

     q = (   -0.500000000   0.500000000   0.000000000 ) 

    1    1
  0.25032418  0.00000000   -0.01139460  0.00000000    0.00000000  0.00748655
 -0.01139460  0.00000000    0.25032418  0.00000000    0.00000000 -0.00748655
  0.00000000 -0.00748655    0.00000000  0.00748655    0.26629583  0.00000000
    1    2
 -0.12099300  0.00000000   -0.07573580  0.00000000    0.00000000 -0.07636867
 -0.07573580  0.00000000   -0.12099300  0.00000000    0.00000000  0.07636867
 -0.00000000 -0.07636867    0.00000000  0.07636867   -0.13717221  0.00000000
    2    1
 -0.12099300  0.00000000   -0.07573580  0.00000000    0.00000000  0.07636867
 -0.07573580  0.00000000   -0.12099300  0.00000000    0.00000000 -0.07636867
 -0.00000000  0.07636867    0.00000000 -0.07636867   -0.13717221  0.00000000
    2    2
  0.25032418  0.00000000   -0.01139460  0.00000000    0.00000000 -0.00748655
 -0.01139460  0.00000000    0.25032418  0.00000000    0.00000000  0.00748655
  0.00000000  0.00748655    0.00000000 -0.00748655    0.26629583  0.00000000

     Dynamical  Matrix in cartesian axes

     q = (    0.000000000   0.500000000   0.500000000 ) 

    1    1
  0.26629583  0.00000000    0.00000000 -0.00748655    0.00000000 -0.00748655
  0.00000000  0.00748655    0.25032418  0.00000000    0.01139460  0.00000000
  0.00000000  0.00748655    0.01139460  0.00000000    0.25032418  0.00000000
    1    2
  0.00000000  0.13717221   -0.07636867  0.00000000   -0.07636867  0.00000000
 -0.07636867  0.00000000    0.00000000  0.12099300    0.00000000 -0.07573580
 -0.07636867  0.00000000    0.00000000 -0.07573580    0.00000000  0.12099300
    2    1
  0.00000000 -0.13717221   -0.07636867  0.00000000   -0.07636867  0.00000000
 -0.07636867  0.00000000    0.00000000 -0.12099300    0.00000000  0.07573580
 -0.07636867  0.00000000    0.00000000  0.07573580    0.00000000 -0.12099300
    2    2
  0.26629583  0.00000000    0.00000000  0.00748655    0.00000000  0.00748655
  0.00000000 -0.00748655    0.25032418  0.00000000    0.01139460  0.00000000
  0.00000000 -0.00748655    0.01139460  0.00000000    0.25032418  0.00000000

     Dynamical  Matrix in cartesian axes

     q = (    0.000000000  -0.500000000  -0.500000000 ) 

    1    1
  0.26629583  0.00000000    0.00000000  0.00748655    0.00000000  0.00748655
  0.00000000 -0.00748655    0.25032418  0.00000000    0.01139460  0.00000000
  0.00000000 -0.00748655    0.01139460  0.00000000    0.25032418  0.00000000
    1    2
  0.00000000 -0.13717221   -0.07636867  0.00000000   -0.07636867  0.00000000
 -0.07636867  0.00000000    0.00000000 -0.12099300    0.00000000  0.07573580
 -0.07636867  0.00000000    0.00000000  0.07573580    0.00000000 -0.12099300
    2    1
  0.00000000  0.13717221   -0.07636867  0.00000000   -0.07636867  0.00000000
 -0.07636867  0.00000000    0.00000000  0.12099300    0.00000000 -0.07573580
 -0.07636867  0.00000000    0.00000000 -0.07573580    0.00000000  0.12099300
    2    2
  0.26629583  0.00000000    0.00000000 -0.00748655    0.00000000 -0.00748655
  0.00000000  0.00748655    0.25032418  0.00000000    0.01139460  0.00000000
  0.00000000  0.00748655    0.01139460  0.00000000    0.25032418  0.00000000

     Dynamical  Matrix in cartesian axes

     q = (    0.500000000   0.500000000   0.000000000 ) 

    1    1
  0.25032418  0.00000000    0.01139460  0.00000000   -0.00000000  0.00748655
  0.01139460  0.00000000    0.25032418  0.00000000   -0.00000000  0.00748655
  0.00000000 -0.00748655   -0.00000000 -0.00748655    0.26629583  0.00000000
    1    2
  0.00000000  0.12099300    0.00000000 -0.07573580   -0.07636867  0.00000000
  0.00000000 -0.07573580   -0.00000000  0.12099300   -0.07636867  0.00000000
 -0.07636867  0.00000000   -0.07636867  0.00000000   -0.00000000  0.13717221
    2    1
  0.00000000 -0.12099300    0.00000000  0.07573580   -0.07636867  0.00000000
  0.00000000  0.07573580   -0.00000000 -0.12099300   -0.07636867  0.00000000
 -0.07636867  0.00000000   -0.07636867  0.00000000   -0.00000000 -0.13717221
    2    2
  0.25032418  0.00000000    0.01139460  0.00000000   -0.00000000 -0.00748655
  0.01139460  0.00000000    0.25032418  0.00000000   -0.00000000 -0.00748655
  0.00000000  0.00748655   -0.00000000  0.00748655    0.26629583  0.00000000

     Dynamical  Matrix in cartesian axes

     q = (    0.500000000  -0.500000000   0.000000000 ) 

    1    1
  0.25032418  0.00000000   -0.01139460  0.00000000    0.00000000 -0.00748655
 -0.01139460  0.00000000    0.25032418  0.00000000    0.00000000  0.00748655
  0.00000000  0.00748655    0.00000000 -0.00748655    0.26629583  0.00000000
    1    2
 -0.12099300  0.00000000   -0.07573580  0.00000000    0.00000000  0.07636867
 -0.07573580  0.00000000   -0.12099300  0.00000000    0.00000000 -0.07636867
 -0.00000000  0.07636867    0.00000000 -0.07636867   -0.13717221  0.00000000
    2    1
 -0.12099300  0.00000000   -0.07573580 -0.00000000    0.00000000 -0.07636867
 -0.07573580  0.00000000   -0.12099300 -0.00000000    0.00000000  0.07636867
 -0.00000000 -0.07636867    0.00000000  0.07636867   -0.13717221  0.00000000
    2    2
  0.25032418  0.00000000   -0.01139460  0.00000000    0.00000000  0.00748655
 -0.01139460  0.00000000    0.25032418  0.00000000    0.00000000 -0.00748655
  0.00000000 -0.00748655    0.00000000  0.00748655    0.26629583  0.00000000

     Dynamical  Matrix in cartesian axes

     q = (   -0.500000000  -0.500000000   0.000000000 ) 

    1    1
  0.25032418  0.00000000    0.01139460  0.00000000    0.00000000 -0.00748655
  0.01139460  0.00000000    0.25032418  0.00000000    0.00000000 -0.00748655
  0.00000000  0.00748655   -0.00000000  0.00748655    0.26629583  0.00000000
    1    2
  0.00000000 -0.12099300    0.00000000  0.07573580   -0.07636867  0.00000000
  0.00000000  0.07573580   -0.00000000 -0.12099300   -0.07636867  0.00000000
 -0.07636867  0.00000000   -0.07636867  0.00000000   -0.00000000 -0.13717221
    2    1
  0.00000000  0.12099300    0.00000000 -0.07573580   -0.07636867  0.00000000
  0.00000000 -0.07573580   -0.00000000  0.12099300   -0.07636867  0.00000000
 -0.07636867  0.00000000   -0.07636867  0.00000000   -0.00000000  0.13717221
    2    2
  0.25032418  0.00000000    0.01139460  0.00000000    0.00000000  0.00748655
  0.01139460  0.00000000    0.25032418  0.00000000    0.00000000  0.00748655
  0.00000000 -0.00748655   -0.00000000 -0.00748655    0.26629583  0.00000000

     Dynamical  Matrix in cartesian axes

     q = (    0.000000000  -0.500000000   0.500000000 ) 

    1    1
  0.26629583  0.00000000    0.00000000 -0.00748655    0.00000000  0.00748655
  0.00000000  0.00748655    0.25032418  0.00000000   -0.01139460  0.00000000
  0.00000000 -0.00748655   -0.01139460  0.00000000    0.25032418  0.00000000
    1    2
 -0.13717221  0.00000000    0.00000000 -0.07636867    0.00000000  0.07636867
  0.00000000 -0.07636867   -0.12099300  0.00000000   -0.07573580  0.00000000
  0.00000000  0.07636867   -0.07573580  0.00000000   -0.12099300  0.00000000
    2    1
 -0.13717221  0.00000000    0.00000000  0.07636867   -0.00000000 -0.07636867
 -0.00000000  0.07636867   -0.12099300  0.00000000   -0.07573580  0.00000000
  0.00000000 -0.07636867   -0.07573580  0.00000000   -0.12099300  0.00000000
    2    2
  0.26629583  0.00000000    0.00000000  0.00748655    0.00000000 -0.00748655
  0.00000000 -0.00748655    0.25032418  0.00000000   -0.01139460  0.00000000
  0.00000000  0.00748655   -0.01139460  0.00000000    0.25032418  0.00000000

     Diagonalizing the dynamical matrix

     q = (    0.500000000   0.000000000   0.500000000 ) 

 **************************************************************************
     freq (    1) =       4.224013 [THz] =     140.897919 [cm-1]
 ( -0.000000  0.500000 -0.000000 -0.000000  0.000000 -0.500000 ) 
 ( -0.500000 -0.000000  0.000000 -0.000000  0.500000  0.000000 ) 
     freq (    2) =       6.035240 [THz] =     201.313944 [cm-1]
 (  0.000000  0.201805  0.646954  0.000000 -0.000000  0.201805 ) 
 (  0.201805  0.000000 -0.000000  0.646954  0.201805  0.000000 ) 
     freq (    3) =       8.197696 [THz] =     273.445700 [cm-1]
 ( -0.000000  0.449883 -0.308563 -0.000000  0.000000  0.449883 ) 
 ( -0.449883  0.000000  0.000000  0.308563 -0.449883  0.000000 ) 
     freq (    4) =      12.163745 [THz] =     405.738876 [cm-1]
 ( -0.000000  0.457466 -0.285395  0.000000 -0.000000  0.457466 ) 
 (  0.457466  0.000000  0.000000 -0.285395  0.457466  0.000000 ) 
     freq (    5) =      13.571819 [THz] =     452.707165 [cm-1]
 (  0.000000 -0.500000  0.000000  0.000000 -0.000000  0.500000 ) 
 ( -0.500000 -0.000000  0.000000 -0.000000  0.500000  0.000000 ) 
     freq (    6) =      13.960697 [THz] =     465.678735 [cm-1]
 ( -0.000000  0.218187  0.636230  0.000000 -0.000000  0.218187 ) 
 ( -0.218187 -0.000000  0.000000 -0.636230 -0.218187  0.000000 ) 
 **************************************************************************
