Dynamical matrix file
Ph                                                                         
  1    2  2 10.3000000  0.0000000  0.0000000  0.0000000  0.0000000  0.0000000
           1  'Si  '    25598.822984527003     
    1    1      0.0000000000      0.0000000000      0.0000000000
    2    1      0.2500000000      0.2500000000      0.2500000000

     Dynamical  Matrix in cartesian axes

     q = (   -0.500000000  -1.000000000   0.000000000 ) 

    1    1
  0.22376384  0.00000000   -0.00000000  0.00000000    0.00000000  0.00000000
  0.00000000  0.00000000    0.26082219  0.00000000    0.00000000 -0.01683681
 -0.00000000  0.00000000   -0.00000000  0.01683681    0.26082219  0.00000000
    1    2
  0.00000000 -0.00000000   -0.07563928  0.07563928   -0.07563928 -0.07563928
 -0.07563928  0.07563928    0.00000000  0.00000000    0.00000000  0.00000000
 -0.07563928 -0.07563928    0.00000000  0.00000000   -0.00000000  0.00000000
    2    1
  0.00000000  0.00000000   -0.07563928 -0.07563928   -0.07563928  0.07563928
 -0.07563928 -0.07563928    0.00000000 -0.00000000    0.00000000  0.00000000
 -0.07563928  0.07563928   -0.00000000  0.00000000    0.00000000 -0.00000000
    2    2
  0.22376384  0.00000000   -0.00000000  0.00000000    0.00000000  0.00000000
 -0.00000000  0.00000000    0.26082219  0.00000000   -0.00000000  0.01683681
  0.00000000  0.00000000   -0.00000000 -0.01683681    0.26082219  0.00000000

     Dynamical  Matrix in cartesian axes

     q = (    0.000000000   1.000000000   0.500000000 ) 

    1    1
  0.26082219  0.00000000    0.00000000 -0.01683681    0.00000000  0.00000000
  0.00000000  0.01683681    0.26082219  0.00000000    0.00000000  0.00000000
  0.00000000  0.00000000    0.00000000  0.00000000    0.22376384  0.00000000
    1    2
  0.00000000 -0.00000000   -0.00000000  0.00000000   -0.07563928  0.07563928
  0.00000000 -0.00000000   -0.00000000 -0.00000000   -0.07563928 -0.07563928
 -0.07563928  0.07563928   -0.07563928 -0.07563928   -0.00000000 -0.00000000
    2    1
  0.00000000  0.00000000   -0.00000000 -0.00000000   -0.07563928 -0.07563928
  0.00000000  0.00000000   -0.00000000  0.00000000   -0.07563928  0.07563928
 -0.07563928 -0.07563928   -0.07563928  0.07563928   -0.00000000  0.00000000
    2    2
  0.26082219  0.00000000    0.00000000  0.01683681   -0.00000000  0.00000000
  0.00000000 -0.01683681    0.26082219  0.00000000   -0.00000000  0.00000000
  0.00000000  0.00000000    0.00000000  0.00000000    0.22376384  0.00000000

     Dynamical  Matrix in cartesian axes

     q = (    0.000000000  -1.000000000  -0.500000000 ) 

    1    1
  0.26082219  0.00000000    0.00000000  0.01683681    0.00000000  0.00000000
  0.00000000 -0.01683681    0.26082219  0.00000000    0.00000000  0.00000000
  0.00000000  0.00000000    0.00000000  0.00000000    0.22376384  0.00000000
    1    2
 -0.00000000  0.00000000   -0.00000000 -0.00000000   -0.07563928 -0.07563928
 -0.00000000 -0.00000000   -0.00000000  0.00000000   -0.07563928  0.07563928
 -0.07563928 -0.07563928   -0.07563928  0.07563928   -0.00000000  0.00000000
    2    1
  0.00000000 -0.00000000   -0.00000000 -0.00000000   -0.07563928  0.07563928
  0.00000000 -0.00000000   -0.00000000 -0.00000000   -0.07563928 -0.07563928
 -0.07563928  0.07563928   -0.07563928 -0.07563928   -0.00000000  0.00000000
    2    2
  0.26082219  0.00000000    0.00000000 -0.01683681   -0.00000000  0.00000000
  0.00000000  0.01683681    0.26082219  0.00000000   -0.00000000  0.00000000
  0.00000000  0.00000000    0.00000000  0.00000000    0.22376384  0.00000000

     Dynamical  Matrix in cartesian axes

     q = (    0.500000000   1.000000000   0.000000000 ) 

    1    1
  0.22376384  0.00000000   -0.00000000  0.00000000    0.00000000  0.00000000
 -0.00000000  0.00000000    0.26082219  0.00000000   -0.00000000  0.01683681
  0.00000000  0.00000000   -0.00000000 -0.01683681    0.26082219  0.00000000
    1    2
  0.00000000  0.00000000   -0.07563928 -0.07563928   -0.07563928  0.07563928
 -0.07563928 -0.07563928    0.00000000 -0.00000000   -0.00000000  0.00000000
 -0.07563928  0.07563928   -0.00000000  0.00000000    0.00000000 -0.00000000
    2    1
  0.00000000 -0.00000000   -0.07563928  0.07563928   -0.07563928 -0.07563928
 -0.07563928  0.07563928    0.00000000  0.00000000    0.00000000  0.00000000
 -0.07563928 -0.07563928    0.00000000  0.00000000   -0.00000000  0.00000000
    2    2
  0.22376384  0.00000000    0.00000000  0.00000000   -0.00000000  0.00000000
  0.00000000  0.00000000    0.26082219  0.00000000   -0.00000000 -0.01683681
  0.00000000  0.00000000   -0.00000000  0.01683681    0.26082219  0.00000000

     Dynamical  Matrix in cartesian axes

     q = (   -1.000000000  -0.500000000   0.000000000 ) 

    1    1
  0.26082219  0.00000000    0.00000000  0.00000000    0.00000000 -0.01683681
  0.00000000  0.00000000    0.22376384  0.00000000    0.00000000  0.00000000
  0.00000000  0.01683681    0.00000000  0.00000000    0.26082219  0.00000000
    1    2
 -0.00000000 -0.00000000   -0.07563928  0.07563928   -0.00000000  0.00000000
 -0.07563928  0.07563928    0.00000000 -0.00000000   -0.07563928 -0.07563928
 -0.00000000 -0.00000000   -0.07563928 -0.07563928   -0.00000000  0.00000000
    2    1
 -0.00000000  0.00000000   -0.07563928 -0.07563928   -0.00000000 -0.00000000
 -0.07563928 -0.07563928    0.00000000  0.00000000   -0.07563928  0.07563928
 -0.00000000  0.00000000   -0.07563928  0.07563928   -0.00000000 -0.00000000
    2    2
  0.26082219  0.00000000   -0.00000000  0.00000000    0.00000000  0.01683681
 -0.00000000  0.00000000    0.22376384  0.00000000   -0.00000000  0.00000000
  0.00000000 -0.01683681   -0.00000000  0.00000000    0.26082219  0.00000000

     Dynamical  Matrix in cartesian axes

     q = (    0.000000000  -0.500000000  -1.000000000 ) 

    1    1
  0.26082219  0.00000000    0.00000000  0.00000000    0.00000000  0.01683681
  0.00000000  0.00000000    0.22376384  0.00000000    0.00000000  0.00000000
  0.00000000 -0.01683681    0.00000000  0.00000000    0.26082219  0.00000000
    1    2
  0.00000000  0.00000000   -0.07563928 -0.07563928    0.00000000  0.00000000
 -0.07563928 -0.07563928    0.00000000 -0.00000000   -0.07563928  0.07563928
  0.00000000  0.00000000   -0.07563928  0.07563928    0.00000000  0.00000000
    2    1
  0.00000000 -0.00000000   -0.07563928  0.07563928    0.00000000 -0.00000000
 -0.07563928  0.07563928   -0.00000000 -0.00000000   -0.07563928 -0.07563928
  0.00000000 -0.00000000   -0.07563928 -0.07563928    0.00000000 -0.00000000
    2    2
  0.26082219  0.00000000   -0.00000000  0.00000000    0.00000000 -0.01683681
 -0.00000000  0.00000000    0.22376384  0.00000000   -0.00000000  0.00000000
  0.00000000  0.01683681   -0.00000000  0.00000000    0.26082219  0.00000000

     Diagonalizing the dynamical matrix

     q = (   -0.500000000  -1.000000000   0.000000000 ) 

 **************************************************************************
     freq (    1) =       6.405693 [THz] =     213.670926 [cm-1]
 (  0.159002  0.159002 -0.230124 -0.368053  0.368053 -0.230124 ) 
 (  0.164670 -0.714147 -0.000000  0.133181  0.133181  0.000000 ) 
     freq (    2) =       6.405693 [THz] =     213.670926 [cm-1]
 (  0.518229  0.518229  0.070606  0.112925 -0.112925  0.070606 ) 
 ( -0.050524  0.219113  0.000000  0.434074  0.434074  0.000000 ) 
     freq (    3) =      10.156567 [THz] =     338.786604 [cm-1]
 (  0.000000  0.000000 -0.707027  0.010594  0.010594  0.707027 ) 
 (  0.000000  0.000000 -0.000000 -0.000187  0.000187  0.000000 ) 
     freq (    4) =      10.156567 [THz] =     338.786604 [cm-1]
 ( -0.000000 -0.000000  0.000187 -0.000003 -0.000003 -0.000187 ) 
 ( -0.000000 -0.000000 -0.000000 -0.707107  0.707107  0.000000 ) 
     freq (    5) =      13.075407 [THz] =     436.148642 [cm-1]
 (  0.102015  0.102015 -0.525540  0.053072 -0.053072 -0.525540 ) 
 (  0.484651  0.395744  0.000000 -0.121793 -0.121793  0.000000 ) 
     freq (    6) =      13.075407 [THz] =     436.148642 [cm-1]
 ( -0.442437 -0.442437 -0.121177  0.012237 -0.012237 -0.121177 ) 
 (  0.111748  0.091249  0.000000  0.528213  0.528213  0.000000 ) 
 **************************************************************************
