   4   4   4
   8
   0.000000000000000E+00   0.000000000000000E+00   0.000000000000000E+00
  -0.250000000000015E+00   0.250000000000015E+00  -0.250000000000015E+00
   0.500000000000031E+00  -0.500000000000031E+00   0.500000000000031E+00
   0.000000000000000E+00   0.500000000000031E+00   0.000000000000000E+00
   0.750000000000046E+00  -0.250000000000015E+00   0.750000000000046E+00
   0.500000000000031E+00   0.000000000000000E+00   0.500000000000031E+00
   0.000000000000000E+00  -0.100000000000006E+01   0.000000000000000E+00
  -0.500000000000031E+00  -0.100000000000006E+01   0.000000000000000E+00
