Dynamical matrix file
MgO                                                                        
  2    2   2   7.9848488   0.0000000   0.0000000   0.0000000   0.0000000   0.0000000
           1  'Mg  '    22152.652328755896     
           2  'O   '    14582.196445495396     
    1    1      0.0000000000      0.0000000000      0.0000000000
    2    2     -0.5000000000      0.5000000000      0.5000000000

     Dynamical  Matrix in cartesian axes

     q = (    0.000000000   0.000000000   0.000000000 ) 

    1    1
  0.11079583   0.00000000     0.00000000   0.00000000     0.00000000   0.00000000
  0.00000000   0.00000000     0.11079583   0.00000000     0.00000000   0.00000000
 -0.00000000   0.00000000     0.00000000   0.00000000     0.11079583   0.00000000
    1    2
 -0.11149669   0.00000000     0.00000000   0.00000000    -0.00000000   0.00000000
 -0.00000000   0.00000000    -0.11149669   0.00000000    -0.00000000   0.00000000
 -0.00000000   0.00000000    -0.00000000   0.00000000    -0.11149669   0.00000000
    2    1
 -0.11149669   0.00000000     0.00000000   0.00000000    -0.00000000   0.00000000
  0.00000000   0.00000000    -0.11149669   0.00000000    -0.00000000   0.00000000
 -0.00000000   0.00000000    -0.00000000   0.00000000    -0.11149669   0.00000000
    2    2
  0.13617505   0.00000000     0.00000000   0.00000000    -0.00000000   0.00000000
  0.00000000   0.00000000     0.13617505   0.00000000    -0.00000000   0.00000000
 -0.00000000   0.00000000    -0.00000000   0.00000000     0.13617505   0.00000000

     Dielectric Tensor:

          3.250568960496         -0.000000000000         -0.000000000000
         -0.000000000000          3.250568960496          0.000000000000
         -0.000000000000          0.000000000000          3.250568960496

     Effective Charges E-U: Z_{alpha}{s,beta}

     atom #    1
          1.999504988523          0.000000000000          0.000000000000
          0.000000000000          1.999504988523          0.000000000000
          0.000000000000         -0.000000000000          1.999504988523
     atom #    2
         -1.999050705574         -0.000000000000         -0.000000000000
         -0.000000000000         -1.999050705574          0.000000000000
         -0.000000000000          0.000000000000         -1.999050705574

     Effective Charges U-E: Z_{s,alpha}{beta}

     atom #    1
      0.199950747142E+01      0.621724893790E-14      0.444089209850E-14
      0.621724893790E-14      0.199950747142E+01     -0.621724893790E-14
      0.444089209850E-14     -0.621724893790E-14      0.199950747142E+01
     atom #    2
     -0.199904963176E+01     -0.177635683940E-14      0.000000000000E+00
     -0.222044604925E-14     -0.199904963176E+01      0.310862446895E-14
      0.444089209850E-15      0.133226762955E-14     -0.199904963176E+01

     Diagonalizing the dynamical matrix

     q = (    0.000000000   0.000000000   0.000000000 ) 

 **************************************************************************
     freq (    1) =       2.544815 [THz] =      84.885906 [cm-1]
 ( -0.640671  0.000000  0.180767 -0.000000  0.351186 -0.000000 ) 
 ( -0.560478  0.000000  0.158140 -0.000000  0.307228 -0.000000 ) 
     freq (    2) =       2.544815 [THz] =      84.885906 [cm-1]
 (  0.394318  0.000000  0.331431  0.000000  0.548757  0.000000 ) 
 (  0.344961  0.000000  0.289945  0.000000  0.480069  0.000000 ) 
     freq (    3) =       2.544815 [THz] =      84.885906 [cm-1]
 ( -0.022849  0.000000  0.651110  0.000000 -0.376830  0.000000 ) 
 ( -0.019989  0.000000  0.569610  0.000000 -0.329662  0.000000 ) 
     freq (    4) =      12.195314 [THz] =     406.791888 [cm-1]
 (  0.405577 -0.000000 -0.215860  0.000000 -0.194799  0.000000 ) 
 ( -0.704293  0.000000  0.374845  0.000000  0.338272  0.000000 ) 
     freq (    5) =      12.195314 [THz] =     406.791888 [cm-1]
 ( -0.274326  0.000000 -0.173266  0.000000 -0.379156  0.000000 ) 
 (  0.476372  0.000000  0.300880 -0.000000  0.658412 -0.000000 ) 
     freq (    6) =      12.195314 [THz] =     406.791888 [cm-1]
 (  0.096371  0.000000  0.415233  0.000000 -0.259479  0.000000 ) 
 ( -0.167350  0.000000 -0.721060  0.000000  0.450590  0.000000 ) 
 **************************************************************************
