Dynamical matrix file
MgO                                                                        
  2    2   2   7.9848488   0.0000000   0.0000000   0.0000000   0.0000000   0.0000000
           1  'Mg  '    22152.652328755896     
           2  'O   '    14582.196445495396     
    1    1      0.0000000000      0.0000000000      0.0000000000
    2    2     -0.5000000000      0.5000000000      0.5000000000

     Dynamical  Matrix in cartesian axes

     q = (   -0.250000000   0.250000000  -0.250000000 ) 

    1    1
  0.22983143  -0.00000000    -0.10609491   0.00000000     0.10609491   0.00000000
 -0.10609491   0.00000000     0.22983143  -0.00000000    -0.10609491  -0.00000000
  0.10609491   0.00000000    -0.10609491   0.00000000     0.22983143   0.00000000
    1    2
 -0.09485900   0.09485900     0.03967322  -0.03967322    -0.03967322   0.03967322
  0.03967322  -0.03967322    -0.09485900   0.09485900     0.03967322  -0.03967322
 -0.03967322   0.03967322     0.03967322  -0.03967322    -0.09485900   0.09485900
    2    1
 -0.09485900  -0.09485900     0.03967322   0.03967322    -0.03967322  -0.03967322
  0.03967322   0.03967322    -0.09485900  -0.09485900     0.03967322   0.03967322
 -0.03967322  -0.03967322     0.03967322   0.03967322    -0.09485900  -0.09485900
    2    2
  0.23747792   0.00000000    -0.07809425  -0.00000000     0.07809425   0.00000000
 -0.07809425  -0.00000000     0.23747792   0.00000000    -0.07809425  -0.00000000
  0.07809425   0.00000000    -0.07809425  -0.00000000     0.23747792   0.00000000

     Dynamical  Matrix in cartesian axes

     q = (    0.250000000  -0.250000000  -0.250000000 ) 

    1    1
  0.22983143  -0.00000000    -0.10609491   0.00000000    -0.10609491   0.00000000
 -0.10609491   0.00000000     0.22983143  -0.00000000     0.10609491  -0.00000000
 -0.10609491   0.00000000     0.10609491  -0.00000000     0.22983143  -0.00000000
    1    2
  0.09485900  -0.09485900    -0.03967322   0.03967322    -0.03967322   0.03967322
 -0.03967322   0.03967322     0.09485900  -0.09485900     0.03967322  -0.03967322
 -0.03967322   0.03967322     0.03967322  -0.03967322     0.09485900  -0.09485900
    2    1
  0.09485900   0.09485900    -0.03967322  -0.03967322    -0.03967322  -0.03967322
 -0.03967322  -0.03967322     0.09485900   0.09485900     0.03967322   0.03967322
 -0.03967322  -0.03967322     0.03967322   0.03967322     0.09485900   0.09485900
    2    2
  0.23747792   0.00000000    -0.07809425  -0.00000000    -0.07809425  -0.00000000
 -0.07809425  -0.00000000     0.23747792   0.00000000     0.07809425   0.00000000
 -0.07809425  -0.00000000     0.07809425   0.00000000     0.23747792   0.00000000

     Dynamical  Matrix in cartesian axes

     q = (    0.250000000  -0.250000000   0.250000000 ) 

    1    1
  0.22983143  -0.00000000    -0.10609491   0.00000000     0.10609491   0.00000000
 -0.10609491   0.00000000     0.22983143  -0.00000000    -0.10609491  -0.00000000
  0.10609491  -0.00000000    -0.10609491   0.00000000     0.22983143   0.00000000
    1    2
 -0.09485900  -0.09485900     0.03967322   0.03967322    -0.03967322  -0.03967322
  0.03967322   0.03967322    -0.09485900  -0.09485900     0.03967322   0.03967322
 -0.03967322  -0.03967322     0.03967322   0.03967322    -0.09485900  -0.09485900
    2    1
 -0.09485900   0.09485900     0.03967322  -0.03967322    -0.03967322   0.03967322
  0.03967322  -0.03967322    -0.09485900   0.09485900     0.03967322  -0.03967322
 -0.03967322   0.03967322     0.03967322  -0.03967322    -0.09485900   0.09485900
    2    2
  0.23747792   0.00000000    -0.07809425  -0.00000000     0.07809425   0.00000000
 -0.07809425  -0.00000000     0.23747792   0.00000000    -0.07809425  -0.00000000
  0.07809425   0.00000000    -0.07809425  -0.00000000     0.23747792   0.00000000

     Dynamical  Matrix in cartesian axes

     q = (    0.250000000   0.250000000   0.250000000 ) 

    1    1
  0.22983143   0.00000000     0.10609491  -0.00000000     0.10609491  -0.00000000
  0.10609491   0.00000000     0.22983143  -0.00000000     0.10609491  -0.00000000
  0.10609491   0.00000000     0.10609491  -0.00000000     0.22983143  -0.00000000
    1    2
 -0.09485900   0.09485900    -0.03967322   0.03967322    -0.03967322   0.03967322
 -0.03967322   0.03967322    -0.09485900   0.09485900    -0.03967322   0.03967322
 -0.03967322   0.03967322    -0.03967322   0.03967322    -0.09485900   0.09485900
    2    1
 -0.09485900  -0.09485900    -0.03967322  -0.03967322    -0.03967322  -0.03967322
 -0.03967322  -0.03967322    -0.09485900  -0.09485900    -0.03967322  -0.03967322
 -0.03967322  -0.03967322    -0.03967322  -0.03967322    -0.09485900  -0.09485900
    2    2
  0.23747792   0.00000000     0.07809425   0.00000000     0.07809425   0.00000000
  0.07809425   0.00000000     0.23747792   0.00000000     0.07809425   0.00000000
  0.07809425   0.00000000     0.07809425   0.00000000     0.23747792   0.00000000

     Dynamical  Matrix in cartesian axes

     q = (   -0.250000000  -0.250000000  -0.250000000 ) 

    1    1
  0.22983143   0.00000000     0.10609491  -0.00000000     0.10609491  -0.00000000
  0.10609491   0.00000000     0.22983143  -0.00000000     0.10609491  -0.00000000
  0.10609491   0.00000000     0.10609491  -0.00000000     0.22983143  -0.00000000
    1    2
 -0.09485900  -0.09485900    -0.03967322  -0.03967322    -0.03967322  -0.03967322
 -0.03967322  -0.03967322    -0.09485900  -0.09485900    -0.03967322  -0.03967322
 -0.03967322  -0.03967322    -0.03967322  -0.03967322    -0.09485900  -0.09485900
    2    1
 -0.09485900   0.09485900    -0.03967322   0.03967322    -0.03967322   0.03967322
 -0.03967322   0.03967322    -0.09485900   0.09485900    -0.03967322   0.03967322
 -0.03967322   0.03967322    -0.03967322   0.03967322    -0.09485900   0.09485900
    2    2
  0.23747792   0.00000000     0.07809425   0.00000000     0.07809425   0.00000000
  0.07809425   0.00000000     0.23747792   0.00000000     0.07809425   0.00000000
  0.07809425   0.00000000     0.07809425   0.00000000     0.23747792   0.00000000

     Dynamical  Matrix in cartesian axes

     q = (   -0.250000000  -0.250000000   0.250000000 ) 

    1    1
  0.22983143  -0.00000000     0.10609491   0.00000000    -0.10609491   0.00000000
  0.10609491  -0.00000000     0.22983143   0.00000000    -0.10609491   0.00000000
 -0.10609491   0.00000000    -0.10609491  -0.00000000     0.22983143  -0.00000000
    1    2
 -0.09485900   0.09485900    -0.03967322   0.03967322     0.03967322  -0.03967322
 -0.03967322   0.03967322    -0.09485900   0.09485900     0.03967322  -0.03967322
  0.03967322  -0.03967322     0.03967322  -0.03967322    -0.09485900   0.09485900
    2    1
 -0.09485900  -0.09485900    -0.03967322  -0.03967322     0.03967322   0.03967322
 -0.03967322  -0.03967322    -0.09485900  -0.09485900     0.03967322   0.03967322
  0.03967322   0.03967322     0.03967322   0.03967322    -0.09485900  -0.09485900
    2    2
  0.23747792   0.00000000     0.07809425   0.00000000    -0.07809425  -0.00000000
  0.07809425   0.00000000     0.23747792   0.00000000    -0.07809425  -0.00000000
 -0.07809425  -0.00000000    -0.07809425  -0.00000000     0.23747792   0.00000000

     Dynamical  Matrix in cartesian axes

     q = (   -0.250000000   0.250000000   0.250000000 ) 

    1    1
  0.22983143  -0.00000000    -0.10609491   0.00000000    -0.10609491  -0.00000000
 -0.10609491   0.00000000     0.22983143  -0.00000000     0.10609491  -0.00000000
 -0.10609491  -0.00000000     0.10609491   0.00000000     0.22983143  -0.00000000
    1    2
  0.09485900   0.09485900    -0.03967322  -0.03967322    -0.03967322  -0.03967322
 -0.03967322  -0.03967322     0.09485900   0.09485900     0.03967322   0.03967322
 -0.03967322  -0.03967322     0.03967322   0.03967322     0.09485900   0.09485900
    2    1
  0.09485900  -0.09485900    -0.03967322   0.03967322    -0.03967322   0.03967322
 -0.03967322   0.03967322     0.09485900  -0.09485900     0.03967322  -0.03967322
 -0.03967322   0.03967322     0.03967322  -0.03967322     0.09485900  -0.09485900
    2    2
  0.23747792   0.00000000    -0.07809425  -0.00000000    -0.07809425   0.00000000
 -0.07809425  -0.00000000     0.23747792   0.00000000     0.07809425   0.00000000
 -0.07809425   0.00000000     0.07809425   0.00000000     0.23747792   0.00000000

     Dynamical  Matrix in cartesian axes

     q = (    0.250000000   0.250000000  -0.250000000 ) 

    1    1
  0.22983143   0.00000000     0.10609491   0.00000000    -0.10609491   0.00000000
  0.10609491   0.00000000     0.22983143   0.00000000    -0.10609491   0.00000000
 -0.10609491   0.00000000    -0.10609491   0.00000000     0.22983143  -0.00000000
    1    2
 -0.09485900  -0.09485900    -0.03967322  -0.03967322     0.03967322   0.03967322
 -0.03967322  -0.03967322    -0.09485900  -0.09485900     0.03967322   0.03967322
  0.03967322   0.03967322     0.03967322   0.03967322    -0.09485900  -0.09485900
    2    1
 -0.09485900   0.09485900    -0.03967322   0.03967322     0.03967322  -0.03967322
 -0.03967322   0.03967322    -0.09485900   0.09485900     0.03967322  -0.03967322
  0.03967322  -0.03967322     0.03967322  -0.03967322    -0.09485900   0.09485900
    2    2
  0.23747792   0.00000000     0.07809425   0.00000000    -0.07809425  -0.00000000
  0.07809425   0.00000000     0.23747792   0.00000000    -0.07809425  -0.00000000
 -0.07809425  -0.00000000    -0.07809425  -0.00000000     0.23747792   0.00000000

     Diagonalizing the dynamical matrix

     q = (   -0.250000000   0.250000000  -0.250000000 ) 

 **************************************************************************
     freq (    1) =       5.847406 [THz] =     195.048467 [cm-1]
 (  0.255456 -0.573086 -0.076691 -0.240939 -0.332147  0.332147 ) 
 (  0.403508 -0.154689  0.079991 -0.154689 -0.323517  0.000000 ) 
     freq (    2) =       5.847406 [THz] =     195.048467 [cm-1]
 (  0.082866  0.227205 -0.257378  0.567449 -0.340244  0.340244 ) 
 ( -0.070294  0.151008 -0.401698  0.151008 -0.331404  0.000000 ) 
     freq (    3) =      10.044782 [THz] =     335.057862 [cm-1]
 ( -0.295106  0.295106  0.295106 -0.295106 -0.295106  0.295106 ) 
 ( -0.398946  0.000000  0.398946  0.000000 -0.398946  0.000000 ) 
     freq (    4) =      12.023215 [THz] =     401.051276 [cm-1]
 ( -0.239128  0.143586 -0.029964 -0.065578  0.209164 -0.209164 ) 
 (  0.596912  0.149015 -0.055546  0.149015 -0.652459  0.000000 ) 
     freq (    5) =      12.023215 [THz] =     401.051276 [cm-1]
 (  0.188853 -0.014136  0.303233 -0.128516  0.114380 -0.114380 ) 
 ( -0.316599 -0.272502 -0.673390 -0.272502 -0.356791  0.000000 ) 
     freq (    6) =      20.180258 [THz] =     673.140964 [cm-1]
 ( -0.217424  0.217424  0.217424 -0.217424 -0.217424  0.217424 ) 
 (  0.488658 -0.000000 -0.488658 -0.000000  0.488658  0.000000 ) 
 **************************************************************************
