Dynamical matrix file
MgO                                                                        
  2    2   2   7.9848488   0.0000000   0.0000000   0.0000000   0.0000000   0.0000000
           1  'Mg  '    22152.652328755896     
           2  'O   '    14582.196445495396     
    1    1      0.0000000000      0.0000000000      0.0000000000
    2    2     -0.5000000000      0.5000000000      0.5000000000

     Dynamical  Matrix in cartesian axes

     q = (    0.500000000  -0.500000000   0.500000000 ) 

    1    1
  0.26812855   0.00000000    -0.13198918   0.00000000     0.13198918   0.00000000
 -0.13198918   0.00000000     0.26812855   0.00000000    -0.13198918   0.00000000
  0.13198918   0.00000000    -0.13198918   0.00000000     0.26812855   0.00000000
    1    2
 -0.00000000  -0.00000000    -0.00000000   0.00000000    -0.00000000  -0.00000000
  0.00000000   0.00000000    -0.00000000  -0.00000000     0.00000000   0.00000000
 -0.00000000  -0.00000000     0.00000000   0.00000000    -0.00000000  -0.00000000
    2    1
  0.00000000   0.00000000     0.00000000  -0.00000000    -0.00000000   0.00000000
  0.00000000  -0.00000000     0.00000000   0.00000000    -0.00000000  -0.00000000
 -0.00000000   0.00000000    -0.00000000  -0.00000000     0.00000000   0.00000000
    2    2
  0.25628639   0.00000000    -0.07650301   0.00000000     0.07650301   0.00000000
 -0.07650301   0.00000000     0.25628639   0.00000000    -0.07650301   0.00000000
  0.07650301   0.00000000    -0.07650301   0.00000000     0.25628639   0.00000000

     Dynamical  Matrix in cartesian axes

     q = (    0.500000000   0.500000000   0.500000000 ) 

    1    1
  0.26812855   0.00000000     0.13198918   0.00000000     0.13198918   0.00000000
  0.13198918   0.00000000     0.26812855   0.00000000     0.13198918   0.00000000
  0.13198918   0.00000000     0.13198918   0.00000000     0.26812855   0.00000000
    1    2
 -0.00000000   0.00000000    -0.00000000   0.00000000     0.00000000   0.00000000
 -0.00000000   0.00000000    -0.00000000   0.00000000     0.00000000   0.00000000
 -0.00000000   0.00000000    -0.00000000   0.00000000     0.00000000   0.00000000
    2    1
  0.00000000  -0.00000000     0.00000000  -0.00000000     0.00000000  -0.00000000
 -0.00000000  -0.00000000     0.00000000  -0.00000000    -0.00000000  -0.00000000
 -0.00000000  -0.00000000    -0.00000000  -0.00000000    -0.00000000  -0.00000000
    2    2
  0.25628639   0.00000000     0.07650301   0.00000000     0.07650301   0.00000000
  0.07650301   0.00000000     0.25628639   0.00000000     0.07650301   0.00000000
  0.07650301   0.00000000     0.07650301   0.00000000     0.25628639   0.00000000

     Dynamical  Matrix in cartesian axes

     q = (   -0.500000000   0.500000000   0.500000000 ) 

    1    1
  0.26812855   0.00000000    -0.13198918   0.00000000    -0.13198918   0.00000000
 -0.13198918   0.00000000     0.26812855   0.00000000     0.13198918   0.00000000
 -0.13198918   0.00000000     0.13198918   0.00000000     0.26812855   0.00000000
    1    2
 -0.00000000  -0.00000000    -0.00000000   0.00000000     0.00000000   0.00000000
  0.00000000   0.00000000     0.00000000  -0.00000000    -0.00000000  -0.00000000
 -0.00000000   0.00000000    -0.00000000  -0.00000000     0.00000000  -0.00000000
    2    1
 -0.00000000   0.00000000    -0.00000000  -0.00000000    -0.00000000  -0.00000000
  0.00000000  -0.00000000    -0.00000000   0.00000000     0.00000000   0.00000000
 -0.00000000  -0.00000000    -0.00000000   0.00000000     0.00000000   0.00000000
    2    2
  0.25628639   0.00000000    -0.07650301   0.00000000    -0.07650301   0.00000000
 -0.07650301   0.00000000     0.25628639   0.00000000     0.07650301   0.00000000
 -0.07650301   0.00000000     0.07650301   0.00000000     0.25628639   0.00000000

     Dynamical  Matrix in cartesian axes

     q = (    0.500000000   0.500000000  -0.500000000 ) 

    1    1
  0.26812855   0.00000000     0.13198918   0.00000000    -0.13198918   0.00000000
  0.13198918   0.00000000     0.26812855   0.00000000    -0.13198918   0.00000000
 -0.13198918   0.00000000    -0.13198918   0.00000000     0.26812855   0.00000000
    1    2
  0.00000000  -0.00000000     0.00000000  -0.00000000    -0.00000000   0.00000000
  0.00000000  -0.00000000     0.00000000  -0.00000000    -0.00000000   0.00000000
 -0.00000000   0.00000000    -0.00000000   0.00000000     0.00000000  -0.00000000
    2    1
  0.00000000   0.00000000     0.00000000   0.00000000     0.00000000  -0.00000000
  0.00000000   0.00000000     0.00000000   0.00000000     0.00000000  -0.00000000
 -0.00000000  -0.00000000     0.00000000  -0.00000000    -0.00000000   0.00000000
    2    2
  0.25628639   0.00000000     0.07650301   0.00000000    -0.07650301   0.00000000
  0.07650301   0.00000000     0.25628639   0.00000000    -0.07650301   0.00000000
 -0.07650301   0.00000000    -0.07650301   0.00000000     0.25628639   0.00000000

     Diagonalizing the dynamical matrix

     q = (    0.500000000  -0.500000000   0.500000000 ) 

 **************************************************************************
     freq (    1) =       8.155565 [THz] =     272.040357 [cm-1]
 (  0.810071 -0.000000  0.493575  0.000000 -0.316496  0.000000 ) 
 (  0.000000  0.000000  0.000000  0.000000 -0.000000  0.000000 ) 
     freq (    2) =       8.155565 [THz] =     272.040357 [cm-1]
 ( -0.102237  0.000000  0.650423 -0.000000  0.752660 -0.000000 ) 
 ( -0.000000  0.000000 -0.000000  0.000000 -0.000000  0.000000 ) 
     freq (    3) =      11.551499 [THz] =     385.316517 [cm-1]
 ( -0.000000  0.000000  0.000000  0.000000 -0.000000  0.000000 ) 
 ( -0.773324  0.000000 -0.613548  0.000000  0.159776  0.000000 ) 
     freq (    4) =      11.551499 [THz] =     385.316517 [cm-1]
 (  0.000000 -0.000000  0.000000  0.000000  0.000000 -0.000000 ) 
 ( -0.261985  0.000000  0.538726 -0.000000  0.800711  0.000000 ) 
     freq (    5) =      16.123585 [THz] =     537.824910 [cm-1]
 ( -0.577350  0.000000  0.577350  0.000000 -0.577350  0.000000 ) 
 (  0.000000  0.000000  0.000000  0.000000 -0.000000  0.000000 ) 
     freq (    6) =      17.429319 [THz] =     581.379488 [cm-1]
 ( -0.000000  0.000000  0.000000  0.000000 -0.000000  0.000000 ) 
 (  0.577350  0.000000 -0.577350  0.000000  0.577350  0.000000 ) 
 **************************************************************************
