Dynamical matrix file
MgO                                                                        
  2    2   2   7.9848488   0.0000000   0.0000000   0.0000000   0.0000000   0.0000000
           1  'Mg  '    22152.652328755896     
           2  'O   '    14582.196445495396     
    1    1      0.0000000000      0.0000000000      0.0000000000
    2    2     -0.5000000000      0.5000000000      0.5000000000

     Dynamical  Matrix in cartesian axes

     q = (    0.000000000   0.500000000   0.000000000 ) 

    1    1
  0.14995173   0.00000000     0.00000000   0.00000000     0.00000000   0.00000000
  0.00000000   0.00000000     0.33866755   0.00000000     0.00000000   0.00000000
  0.00000000   0.00000000     0.00000000   0.00000000     0.14995173   0.00000000
    1    2
 -0.00000000   0.08565326     0.00000000   0.00000000    -0.00000000   0.00000000
  0.00000000   0.00000000    -0.00000000   0.17985598     0.00000000   0.00000000
 -0.00000000   0.00000000     0.00000000   0.00000000    -0.00000000   0.08565326
    2    1
 -0.00000000  -0.08565326     0.00000000   0.00000000    -0.00000000   0.00000000
  0.00000000   0.00000000    -0.00000000  -0.17985598     0.00000000   0.00000000
 -0.00000000   0.00000000     0.00000000   0.00000000    -0.00000000  -0.08565326
    2    2
  0.19015764   0.00000000     0.00000000   0.00000000     0.00000000   0.00000000
  0.00000000   0.00000000     0.37829471   0.00000000     0.00000000   0.00000000
  0.00000000   0.00000000     0.00000000   0.00000000     0.19015764   0.00000000

     Dynamical  Matrix in cartesian axes

     q = (    0.000000000  -0.500000000   0.000000000 ) 

    1    1
  0.14995173   0.00000000     0.00000000   0.00000000     0.00000000   0.00000000
  0.00000000   0.00000000     0.33866755   0.00000000     0.00000000   0.00000000
  0.00000000   0.00000000     0.00000000   0.00000000     0.14995173   0.00000000
    1    2
 -0.00000000  -0.08565326    -0.00000000   0.00000000    -0.00000000   0.00000000
 -0.00000000  -0.00000000    -0.00000000  -0.17985598     0.00000000  -0.00000000
 -0.00000000   0.00000000     0.00000000   0.00000000    -0.00000000  -0.08565326
    2    1
 -0.00000000   0.08565326     0.00000000  -0.00000000     0.00000000  -0.00000000
  0.00000000  -0.00000000    -0.00000000   0.17985598     0.00000000  -0.00000000
  0.00000000  -0.00000000     0.00000000  -0.00000000    -0.00000000   0.08565326
    2    2
  0.19015764   0.00000000     0.00000000   0.00000000     0.00000000   0.00000000
  0.00000000   0.00000000     0.37829471   0.00000000     0.00000000   0.00000000
  0.00000000   0.00000000     0.00000000   0.00000000     0.19015764   0.00000000

     Dynamical  Matrix in cartesian axes

     q = (    0.500000000   0.000000000   0.000000000 ) 

    1    1
  0.33866755   0.00000000     0.00000000   0.00000000     0.00000000   0.00000000
  0.00000000   0.00000000     0.14995173   0.00000000    -0.00000000   0.00000000
 -0.00000000   0.00000000    -0.00000000   0.00000000     0.14995173   0.00000000
    1    2
 -0.00000000  -0.17985598    -0.00000000   0.00000000    -0.00000000  -0.00000000
 -0.00000000   0.00000000    -0.00000000  -0.08565326     0.00000000  -0.00000000
 -0.00000000   0.00000000     0.00000000  -0.00000000    -0.00000000  -0.08565326
    2    1
 -0.00000000   0.17985598    -0.00000000  -0.00000000     0.00000000   0.00000000
 -0.00000000  -0.00000000    -0.00000000   0.08565326     0.00000000   0.00000000
  0.00000000   0.00000000     0.00000000   0.00000000    -0.00000000   0.08565326
    2    2
  0.37829471   0.00000000     0.00000000   0.00000000     0.00000000   0.00000000
 -0.00000000   0.00000000     0.19015764   0.00000000    -0.00000000   0.00000000
  0.00000000   0.00000000    -0.00000000   0.00000000     0.19015764   0.00000000

     Dynamical  Matrix in cartesian axes

     q = (    0.000000000   0.000000000   0.500000000 ) 

    1    1
  0.14995173   0.00000000     0.00000000   0.00000000     0.00000000   0.00000000
  0.00000000   0.00000000     0.14995173   0.00000000     0.00000000   0.00000000
  0.00000000   0.00000000     0.00000000   0.00000000     0.33866755   0.00000000
    1    2
 -0.00000000   0.08565326    -0.00000000   0.00000000    -0.00000000   0.00000000
 -0.00000000   0.00000000    -0.00000000   0.08565326    -0.00000000   0.00000000
  0.00000000   0.00000000     0.00000000   0.00000000    -0.00000000   0.17985598
    2    1
 -0.00000000  -0.08565326    -0.00000000   0.00000000    -0.00000000   0.00000000
 -0.00000000   0.00000000    -0.00000000  -0.08565326    -0.00000000   0.00000000
  0.00000000   0.00000000     0.00000000   0.00000000    -0.00000000  -0.17985598
    2    2
  0.19015764   0.00000000     0.00000000   0.00000000     0.00000000   0.00000000
  0.00000000   0.00000000     0.19015764   0.00000000     0.00000000   0.00000000
  0.00000000   0.00000000     0.00000000   0.00000000     0.37829471   0.00000000

     Dynamical  Matrix in cartesian axes

     q = (    0.000000000   0.000000000  -0.500000000 ) 

    1    1
  0.14995173   0.00000000     0.00000000   0.00000000     0.00000000   0.00000000
  0.00000000   0.00000000     0.14995173   0.00000000     0.00000000   0.00000000
  0.00000000   0.00000000     0.00000000   0.00000000     0.33866755   0.00000000
    1    2
 -0.00000000  -0.08565326    -0.00000000  -0.00000000     0.00000000   0.00000000
 -0.00000000  -0.00000000    -0.00000000  -0.08565326     0.00000000  -0.00000000
 -0.00000000   0.00000000    -0.00000000  -0.00000000    -0.00000000  -0.17985598
    2    1
 -0.00000000   0.08565326     0.00000000  -0.00000000     0.00000000  -0.00000000
  0.00000000  -0.00000000    -0.00000000   0.08565326     0.00000000  -0.00000000
 -0.00000000  -0.00000000    -0.00000000  -0.00000000    -0.00000000   0.17985598
    2    2
  0.19015764   0.00000000     0.00000000   0.00000000     0.00000000   0.00000000
  0.00000000   0.00000000     0.19015764   0.00000000    -0.00000000   0.00000000
 -0.00000000   0.00000000     0.00000000   0.00000000     0.37829471   0.00000000

     Dynamical  Matrix in cartesian axes

     q = (   -0.500000000   0.000000000   0.000000000 ) 

    1    1
  0.33866755   0.00000000     0.00000000   0.00000000     0.00000000   0.00000000
  0.00000000   0.00000000     0.14995173   0.00000000    -0.00000000   0.00000000
 -0.00000000   0.00000000    -0.00000000   0.00000000     0.14995173   0.00000000
    1    2
 -0.00000000   0.17985598     0.00000000   0.00000000     0.00000000   0.00000000
  0.00000000   0.00000000    -0.00000000   0.08565326     0.00000000   0.00000000
  0.00000000   0.00000000     0.00000000   0.00000000    -0.00000000   0.08565326
    2    1
 -0.00000000  -0.17985598     0.00000000   0.00000000     0.00000000   0.00000000
  0.00000000   0.00000000    -0.00000000  -0.08565326     0.00000000   0.00000000
  0.00000000   0.00000000     0.00000000   0.00000000    -0.00000000  -0.08565326
    2    2
  0.37829471   0.00000000     0.00000000   0.00000000     0.00000000   0.00000000
  0.00000000   0.00000000     0.19015764   0.00000000    -0.00000000   0.00000000
  0.00000000   0.00000000    -0.00000000   0.00000000     0.19015764   0.00000000

     Diagonalizing the dynamical matrix

     q = (    0.000000000   0.500000000   0.000000000 ) 

 **************************************************************************
     freq (    1) =       6.742170 [THz] =     224.894575 [cm-1]
 (  0.000000  0.817038 -0.000000  0.000000  0.000000 -0.161825 ) 
 ( -0.542864  0.000000 -0.000000 -0.000000  0.107521 -0.000000 ) 
     freq (    2) =       6.742170 [THz] =     224.894575 [cm-1]
 (  0.000000  0.161825 -0.000000 -0.000000 -0.000000  0.817038 ) 
 ( -0.107521  0.000000 -0.000000 -0.000000 -0.542864  0.000000 ) 
     freq (    3) =      10.021079 [THz] =     334.267201 [cm-1]
 ( -0.000000 -0.000000 -0.000000  0.803777 -0.000000  0.000000 ) 
 (  0.000000 -0.000000 -0.594930 -0.000000 -0.000000  0.000000 ) 
     freq (    4) =      12.997756 [THz] =     433.558462 [cm-1]
 (  0.000000 -0.327188  0.000000 -0.000000 -0.000000  0.231349 ) 
 ( -0.748084 -0.000000 -0.000000  0.000000  0.528958  0.000000 ) 
     freq (    5) =      12.997756 [THz] =     433.558462 [cm-1]
 ( -0.000000  0.231349 -0.000000  0.000000 -0.000000  0.327188 ) 
 (  0.528958  0.000000  0.000000 -0.000000  0.748084  0.000000 ) 
     freq (    6) =      18.596080 [THz] =     620.298450 [cm-1]
 (  0.000000  0.000000 -0.000000 -0.438001  0.000000  0.000000 ) 
 (  0.000000  0.000000 -0.898975  0.000000  0.000000  0.000000 ) 
 **************************************************************************
