Dynamical matrix file
MgO                                                                        
  2    2   2   7.9848488   0.0000000   0.0000000   0.0000000   0.0000000   0.0000000
           1  'Mg  '    22152.652328755896     
           2  'O   '    14582.196445495396     
    1    1      0.0000000000      0.0000000000      0.0000000000
    2    2     -0.5000000000      0.5000000000      0.5000000000

     Dynamical  Matrix in cartesian axes

     q = (    0.500000000   0.000000000   0.500000000 ) 

    1    1
  0.26325604   0.00000000     0.00000000   0.00000000     0.12826032   0.00000000
  0.00000000   0.00000000     0.20633742   0.00000000     0.00000000   0.00000000
  0.12826032   0.00000000     0.00000000   0.00000000     0.26325604   0.00000000
    1    2
 -0.06694854   0.00000000     0.00000000   0.00000000    -0.04300383   0.00000000
  0.00000000   0.00000000    -0.05199688   0.00000000     0.00000000   0.00000000
 -0.04300383   0.00000000    -0.00000000   0.00000000    -0.06694854   0.00000000
    2    1
 -0.06694854   0.00000000     0.00000000   0.00000000    -0.04300383   0.00000000
  0.00000000   0.00000000    -0.05199688   0.00000000     0.00000000   0.00000000
 -0.04300383   0.00000000     0.00000000   0.00000000    -0.06694854   0.00000000
    2    2
  0.27819635   0.00000000     0.00000000   0.00000000     0.09590986   0.00000000
  0.00000000   0.00000000     0.25772020   0.00000000     0.00000000   0.00000000
  0.09590986   0.00000000     0.00000000   0.00000000     0.27819635   0.00000000

     Dynamical  Matrix in cartesian axes

     q = (   -0.500000000   0.000000000   0.500000000 ) 

    1    1
  0.26325604   0.00000000     0.00000000   0.00000000    -0.12826032   0.00000000
 -0.00000000   0.00000000     0.20633742   0.00000000     0.00000000   0.00000000
 -0.12826032   0.00000000    -0.00000000   0.00000000     0.26325604   0.00000000
    1    2
  0.06694854  -0.00000000     0.00000000  -0.00000000    -0.04300383   0.00000000
  0.00000000   0.00000000     0.05199688  -0.00000000     0.00000000  -0.00000000
 -0.04300383   0.00000000     0.00000000  -0.00000000     0.06694854  -0.00000000
    2    1
  0.06694854   0.00000000     0.00000000   0.00000000    -0.04300383  -0.00000000
  0.00000000  -0.00000000     0.05199688   0.00000000     0.00000000  -0.00000000
 -0.04300383  -0.00000000     0.00000000   0.00000000     0.06694854   0.00000000
    2    2
  0.27819635   0.00000000     0.00000000   0.00000000    -0.09590986   0.00000000
  0.00000000   0.00000000     0.25772020   0.00000000     0.00000000   0.00000000
 -0.09590986   0.00000000     0.00000000   0.00000000     0.27819635   0.00000000

     Dynamical  Matrix in cartesian axes

     q = (   -0.500000000   0.000000000  -0.500000000 ) 

    1    1
  0.26325604   0.00000000     0.00000000   0.00000000     0.12826032   0.00000000
  0.00000000   0.00000000     0.20633742   0.00000000     0.00000000   0.00000000
  0.12826032   0.00000000     0.00000000   0.00000000     0.26325604   0.00000000
    1    2
 -0.06694854   0.00000000     0.00000000   0.00000000    -0.04300383   0.00000000
  0.00000000   0.00000000    -0.05199688   0.00000000     0.00000000   0.00000000
 -0.04300383   0.00000000    -0.00000000   0.00000000    -0.06694854   0.00000000
    2    1
 -0.06694854   0.00000000     0.00000000   0.00000000    -0.04300383   0.00000000
  0.00000000   0.00000000    -0.05199688   0.00000000     0.00000000   0.00000000
 -0.04300383   0.00000000     0.00000000   0.00000000    -0.06694854   0.00000000
    2    2
  0.27819635   0.00000000     0.00000000   0.00000000     0.09590986   0.00000000
  0.00000000   0.00000000     0.25772020   0.00000000     0.00000000   0.00000000
  0.09590986   0.00000000     0.00000000   0.00000000     0.27819635   0.00000000

     Dynamical  Matrix in cartesian axes

     q = (    0.500000000   0.000000000  -0.500000000 ) 

    1    1
  0.26325604   0.00000000     0.00000000   0.00000000    -0.12826032   0.00000000
 -0.00000000   0.00000000     0.20633742   0.00000000    -0.00000000   0.00000000
 -0.12826032   0.00000000     0.00000000   0.00000000     0.26325604   0.00000000
    1    2
  0.06694854   0.00000000     0.00000000   0.00000000    -0.04300383  -0.00000000
  0.00000000  -0.00000000     0.05199688   0.00000000     0.00000000   0.00000000
 -0.04300383  -0.00000000     0.00000000   0.00000000     0.06694854   0.00000000
    2    1
  0.06694854  -0.00000000     0.00000000  -0.00000000    -0.04300383   0.00000000
  0.00000000   0.00000000     0.05199688  -0.00000000     0.00000000   0.00000000
 -0.04300383   0.00000000     0.00000000  -0.00000000     0.06694854  -0.00000000
    2    2
  0.27819635   0.00000000     0.00000000   0.00000000    -0.09590986   0.00000000
  0.00000000   0.00000000     0.25772020   0.00000000     0.00000000   0.00000000
 -0.09590986   0.00000000     0.00000000   0.00000000     0.27819635   0.00000000

     Dynamical  Matrix in cartesian axes

     q = (    0.000000000   0.500000000  -0.500000000 ) 

    1    1
  0.20633742   0.00000000     0.00000000   0.00000000     0.00000000   0.00000000
  0.00000000   0.00000000     0.26325604   0.00000000    -0.12826032   0.00000000
  0.00000000   0.00000000    -0.12826032   0.00000000     0.26325604   0.00000000
    1    2
 -0.05199688   0.00000000     0.00000000   0.00000000    -0.00000000   0.00000000
  0.00000000   0.00000000    -0.06694854   0.00000000     0.04300383   0.00000000
 -0.00000000   0.00000000     0.04300383   0.00000000    -0.06694854   0.00000000
    2    1
 -0.05199688   0.00000000     0.00000000   0.00000000     0.00000000   0.00000000
  0.00000000   0.00000000    -0.06694854   0.00000000     0.04300383   0.00000000
  0.00000000   0.00000000     0.04300383   0.00000000    -0.06694854   0.00000000
    2    2
  0.25772020   0.00000000     0.00000000   0.00000000     0.00000000   0.00000000
  0.00000000   0.00000000     0.27819635   0.00000000    -0.09590986   0.00000000
  0.00000000   0.00000000    -0.09590986   0.00000000     0.27819635   0.00000000

     Dynamical  Matrix in cartesian axes

     q = (   -0.500000000   0.500000000   0.000000000 ) 

    1    1
  0.26325604   0.00000000    -0.12826032   0.00000000     0.00000000   0.00000000
 -0.12826032   0.00000000     0.26325604   0.00000000    -0.00000000   0.00000000
 -0.00000000   0.00000000     0.00000000   0.00000000     0.20633742   0.00000000
    1    2
  0.06694854   0.00000000    -0.04300383  -0.00000000     0.00000000   0.00000000
 -0.04300383  -0.00000000     0.06694854   0.00000000     0.00000000   0.00000000
  0.00000000  -0.00000000     0.00000000  -0.00000000     0.05199688   0.00000000
    2    1
  0.06694854  -0.00000000    -0.04300383   0.00000000    -0.00000000   0.00000000
 -0.04300383   0.00000000     0.06694854  -0.00000000    -0.00000000   0.00000000
  0.00000000  -0.00000000     0.00000000  -0.00000000     0.05199688  -0.00000000
    2    2
  0.27819635   0.00000000    -0.09590986   0.00000000     0.00000000   0.00000000
 -0.09590986   0.00000000     0.27819635   0.00000000     0.00000000   0.00000000
  0.00000000   0.00000000     0.00000000   0.00000000     0.25772020   0.00000000

     Dynamical  Matrix in cartesian axes

     q = (    0.000000000   0.500000000   0.500000000 ) 

    1    1
  0.20633742   0.00000000    -0.00000000   0.00000000     0.00000000   0.00000000
  0.00000000   0.00000000     0.26325604   0.00000000     0.12826032   0.00000000
  0.00000000   0.00000000     0.12826032   0.00000000     0.26325604   0.00000000
    1    2
  0.05199688  -0.00000000     0.00000000   0.00000000    -0.00000000   0.00000000
  0.00000000   0.00000000     0.06694854  -0.00000000     0.04300383  -0.00000000
 -0.00000000   0.00000000     0.04300383  -0.00000000     0.06694854  -0.00000000
    2    1
  0.05199688   0.00000000    -0.00000000   0.00000000     0.00000000   0.00000000
  0.00000000   0.00000000     0.06694854   0.00000000     0.04300383   0.00000000
 -0.00000000  -0.00000000     0.04300383   0.00000000     0.06694854   0.00000000
    2    2
  0.25772020   0.00000000     0.00000000   0.00000000     0.00000000   0.00000000
  0.00000000   0.00000000     0.27819635   0.00000000     0.09590986   0.00000000
  0.00000000   0.00000000     0.09590986   0.00000000     0.27819635   0.00000000

     Dynamical  Matrix in cartesian axes

     q = (    0.000000000  -0.500000000  -0.500000000 ) 

    1    1
  0.20633742   0.00000000    -0.00000000   0.00000000     0.00000000   0.00000000
  0.00000000   0.00000000     0.26325604   0.00000000     0.12826032   0.00000000
  0.00000000   0.00000000     0.12826032   0.00000000     0.26325604   0.00000000
    1    2
  0.05199688   0.00000000     0.00000000  -0.00000000     0.00000000   0.00000000
  0.00000000  -0.00000000     0.06694854   0.00000000     0.04300383   0.00000000
  0.00000000   0.00000000     0.04300383   0.00000000     0.06694854   0.00000000
    2    1
  0.05199688  -0.00000000     0.00000000  -0.00000000     0.00000000   0.00000000
  0.00000000   0.00000000     0.06694854  -0.00000000     0.04300383  -0.00000000
  0.00000000  -0.00000000     0.04300383  -0.00000000     0.06694854  -0.00000000
    2    2
  0.25772020   0.00000000     0.00000000   0.00000000     0.00000000   0.00000000
  0.00000000   0.00000000     0.27819635   0.00000000     0.09590986   0.00000000
  0.00000000   0.00000000     0.09590986   0.00000000     0.27819635   0.00000000

     Dynamical  Matrix in cartesian axes

     q = (    0.500000000   0.500000000   0.000000000 ) 

    1    1
  0.26325604   0.00000000     0.12826032   0.00000000     0.00000000   0.00000000
  0.12826032   0.00000000     0.26325604   0.00000000     0.00000000   0.00000000
 -0.00000000   0.00000000     0.00000000   0.00000000     0.20633742   0.00000000
    1    2
 -0.06694854   0.00000000    -0.04300383   0.00000000     0.00000000   0.00000000
 -0.04300383   0.00000000    -0.06694854   0.00000000    -0.00000000   0.00000000
  0.00000000   0.00000000    -0.00000000   0.00000000    -0.05199688   0.00000000
    2    1
 -0.06694854   0.00000000    -0.04300383   0.00000000    -0.00000000   0.00000000
 -0.04300383   0.00000000    -0.06694854   0.00000000    -0.00000000   0.00000000
  0.00000000   0.00000000    -0.00000000   0.00000000    -0.05199688   0.00000000
    2    2
  0.27819635   0.00000000     0.09590986   0.00000000     0.00000000   0.00000000
  0.09590986   0.00000000     0.27819635   0.00000000     0.00000000   0.00000000
  0.00000000   0.00000000     0.00000000   0.00000000     0.25772020   0.00000000

     Dynamical  Matrix in cartesian axes

     q = (    0.500000000  -0.500000000   0.000000000 ) 

    1    1
  0.26325604   0.00000000    -0.12826032   0.00000000     0.00000000   0.00000000
 -0.12826032   0.00000000     0.26325604   0.00000000    -0.00000000   0.00000000
 -0.00000000   0.00000000    -0.00000000   0.00000000     0.20633742   0.00000000
    1    2
  0.06694854  -0.00000000    -0.04300383   0.00000000     0.00000000   0.00000000
 -0.04300383   0.00000000     0.06694854  -0.00000000     0.00000000   0.00000000
  0.00000000   0.00000000     0.00000000   0.00000000     0.05199688  -0.00000000
    2    1
  0.06694854   0.00000000    -0.04300383  -0.00000000     0.00000000  -0.00000000
 -0.04300383  -0.00000000     0.06694854   0.00000000     0.00000000  -0.00000000
  0.00000000   0.00000000     0.00000000   0.00000000     0.05199688   0.00000000
    2    2
  0.27819635   0.00000000    -0.09590986   0.00000000     0.00000000   0.00000000
 -0.09590986   0.00000000     0.27819635   0.00000000     0.00000000   0.00000000
  0.00000000   0.00000000     0.00000000   0.00000000     0.25772020   0.00000000

     Dynamical  Matrix in cartesian axes

     q = (   -0.500000000  -0.500000000   0.000000000 ) 

    1    1
  0.26325604   0.00000000     0.12826032   0.00000000     0.00000000   0.00000000
  0.12826032   0.00000000     0.26325604   0.00000000     0.00000000   0.00000000
 -0.00000000   0.00000000     0.00000000   0.00000000     0.20633742   0.00000000
    1    2
 -0.06694854   0.00000000    -0.04300383   0.00000000     0.00000000   0.00000000
 -0.04300383   0.00000000    -0.06694854   0.00000000     0.00000000   0.00000000
  0.00000000   0.00000000     0.00000000   0.00000000    -0.05199688   0.00000000
    2    1
 -0.06694854   0.00000000    -0.04300383   0.00000000    -0.00000000   0.00000000
 -0.04300383   0.00000000    -0.06694854   0.00000000    -0.00000000   0.00000000
  0.00000000   0.00000000    -0.00000000   0.00000000    -0.05199688   0.00000000
    2    2
  0.27819635   0.00000000     0.09590986   0.00000000     0.00000000   0.00000000
  0.09590986   0.00000000     0.27819635   0.00000000     0.00000000   0.00000000
  0.00000000   0.00000000     0.00000000   0.00000000     0.25772020   0.00000000

     Dynamical  Matrix in cartesian axes

     q = (    0.000000000  -0.500000000   0.500000000 ) 

    1    1
  0.20633742   0.00000000     0.00000000   0.00000000     0.00000000   0.00000000
  0.00000000   0.00000000     0.26325604   0.00000000    -0.12826032   0.00000000
  0.00000000   0.00000000    -0.12826032   0.00000000     0.26325604   0.00000000
    1    2
 -0.05199688   0.00000000     0.00000000   0.00000000    -0.00000000   0.00000000
  0.00000000   0.00000000    -0.06694854   0.00000000     0.04300383   0.00000000
  0.00000000   0.00000000     0.04300383   0.00000000    -0.06694854   0.00000000
    2    1
 -0.05199688   0.00000000     0.00000000   0.00000000     0.00000000   0.00000000
  0.00000000   0.00000000    -0.06694854   0.00000000     0.04300383   0.00000000
  0.00000000   0.00000000     0.04300383   0.00000000    -0.06694854   0.00000000
    2    2
  0.25772020   0.00000000     0.00000000   0.00000000     0.00000000   0.00000000
  0.00000000   0.00000000     0.27819635   0.00000000    -0.09590986   0.00000000
  0.00000000   0.00000000    -0.09590986   0.00000000     0.27819635   0.00000000

     Diagonalizing the dynamical matrix

     q = (    0.500000000   0.000000000   0.500000000 ) 

 **************************************************************************
     freq (    1) =       7.942018 [THz] =     264.917197 [cm-1]
 (  0.686622  0.000000  0.000000  0.000000 -0.686622 -0.000000 ) 
 (  0.168967  0.000000  0.000000  0.000000 -0.168967  0.000000 ) 
     freq (    2) =       9.540981 [THz] =     318.252872 [cm-1]
 ( -0.000000 -0.000000 -0.933239 -0.000000 -0.000000 -0.000000 ) 
 ( -0.000000 -0.000000 -0.359255 -0.000000  0.000000  0.000000 ) 
     freq (    3) =      11.754735 [THz] =     392.095751 [cm-1]
 ( -0.113068 -0.000000 -0.000000 -0.000000  0.113068 -0.000000 ) 
 (  0.698008 -0.000000  0.000000  0.000000 -0.698008  0.000000 ) 
     freq (    4) =      12.466776 [THz] =     415.846884 [cm-1]
 ( -0.588102  0.000000 -0.000000  0.000000 -0.588102  0.000000 ) 
 ( -0.392602  0.000000  0.000000 -0.000000 -0.392602  0.000000 ) 
     freq (    5) =      14.179635 [THz] =     472.981697 [cm-1]
 (  0.000000  0.000000 -0.245637  0.000000  0.000000  0.000000 ) 
 ( -0.000000  0.000000  0.969362 -0.000000  0.000000  0.000000 ) 
     freq (    6) =      17.706698 [THz] =     590.631861 [cm-1]
 ( -0.284474  0.000000  0.000000  0.000000 -0.284474 -0.000000 ) 
 (  0.647360  0.000000 -0.000000  0.000000  0.647360  0.000000 ) 
 **************************************************************************
