Dynamical matrix file
MgO                                                                        
  2    2   2   7.9848488   0.0000000   0.0000000   0.0000000   0.0000000   0.0000000
           1  'Mg  '    22152.652328755896     
           2  'O   '    14582.196445495396     
    1    1      0.0000000000      0.0000000000      0.0000000000
    2    2     -0.5000000000      0.5000000000      0.5000000000

     Dynamical  Matrix in cartesian axes

     q = (    0.000000000  -1.000000000   0.000000000 ) 

    1    1
  0.18590598   0.00000000    -0.00000000   0.00000000     0.00000000   0.00000000
  0.00000000   0.00000000     0.32379862   0.00000000    -0.00000000   0.00000000
  0.00000000   0.00000000    -0.00000000   0.00000000     0.18590598   0.00000000
    1    2
  0.06480033  -0.00000000     0.00000000   0.00000000    -0.00000000   0.00000000
  0.00000000  -0.00000000     0.00337233  -0.00000000    -0.00000000  -0.00000000
 -0.00000000   0.00000000    -0.00000000   0.00000000     0.06480033  -0.00000000
    2    1
  0.06480033   0.00000000     0.00000000   0.00000000    -0.00000000  -0.00000000
 -0.00000000  -0.00000000     0.00337233   0.00000000    -0.00000000   0.00000000
 -0.00000000   0.00000000     0.00000000   0.00000000     0.06480033   0.00000000
    2    2
  0.23671764   0.00000000    -0.00000000   0.00000000     0.00000000   0.00000000
 -0.00000000   0.00000000     0.37658348   0.00000000     0.00000000   0.00000000
  0.00000000   0.00000000     0.00000000   0.00000000     0.23671764   0.00000000

     Dynamical  Matrix in cartesian axes

     q = (   -1.000000000   0.000000000   0.000000000 ) 

    1    1
  0.32379862   0.00000000     0.00000000   0.00000000     0.00000000   0.00000000
  0.00000000   0.00000000     0.18590598   0.00000000    -0.00000000   0.00000000
  0.00000000   0.00000000    -0.00000000   0.00000000     0.18590598   0.00000000
    1    2
  0.00337233   0.00000000     0.00000000  -0.00000000    -0.00000000   0.00000000
  0.00000000  -0.00000000     0.06480033   0.00000000     0.00000000   0.00000000
  0.00000000  -0.00000000     0.00000000   0.00000000     0.06480033   0.00000000
    2    1
  0.00337233  -0.00000000    -0.00000000   0.00000000     0.00000000   0.00000000
 -0.00000000   0.00000000     0.06480033  -0.00000000     0.00000000  -0.00000000
  0.00000000   0.00000000     0.00000000  -0.00000000     0.06480033  -0.00000000
    2    2
  0.37658348   0.00000000    -0.00000000   0.00000000     0.00000000   0.00000000
 -0.00000000   0.00000000     0.23671764   0.00000000    -0.00000000   0.00000000
 -0.00000000   0.00000000    -0.00000000   0.00000000     0.23671764   0.00000000

     Dynamical  Matrix in cartesian axes

     q = (    0.000000000   0.000000000  -1.000000000 ) 

    1    1
  0.18590598   0.00000000     0.00000000   0.00000000     0.00000000   0.00000000
  0.00000000   0.00000000     0.18590598   0.00000000    -0.00000000   0.00000000
  0.00000000   0.00000000    -0.00000000   0.00000000     0.32379862   0.00000000
    1    2
  0.06480033  -0.00000000     0.00000000   0.00000000     0.00000000   0.00000000
  0.00000000   0.00000000     0.06480033  -0.00000000     0.00000000  -0.00000000
  0.00000000  -0.00000000     0.00000000  -0.00000000     0.00337233  -0.00000000
    2    1
  0.06480033   0.00000000     0.00000000  -0.00000000     0.00000000  -0.00000000
 -0.00000000  -0.00000000     0.06480033   0.00000000     0.00000000   0.00000000
 -0.00000000  -0.00000000     0.00000000   0.00000000     0.00337233   0.00000000
    2    2
  0.23671764   0.00000000     0.00000000   0.00000000     0.00000000   0.00000000
  0.00000000   0.00000000     0.23671764   0.00000000     0.00000000   0.00000000
 -0.00000000   0.00000000     0.00000000   0.00000000     0.37658348   0.00000000

     Diagonalizing the dynamical matrix

     q = (    0.000000000  -1.000000000   0.000000000 ) 

 **************************************************************************
     freq (    1) =       8.695586 [THz] =     290.053519 [cm-1]
 (  0.616087  0.000000 -0.000000  0.000000  0.657892  0.000000 ) 
 ( -0.296070  0.000000  0.000000  0.000000 -0.316160  0.000000 ) 
     freq (    2) =       8.695586 [THz] =     290.053519 [cm-1]
 (  0.657892  0.000000 -0.000000  0.000000 -0.616087  0.000000 ) 
 ( -0.316160  0.000000  0.000000  0.000000  0.296070  0.000000 ) 
     freq (    3) =      12.576304 [THz] =     419.500331 [cm-1]
 (  0.000000  0.000000  0.999787  0.000000 -0.000000  0.000000 ) 
 ( -0.000000  0.000000 -0.020623  0.000000  0.000000  0.000000 ) 
     freq (    4) =      13.816971 [THz] =     460.884552 [cm-1]
 ( -0.038391  0.000000 -0.000000  0.000000  0.299152  0.000000 ) 
 ( -0.121362  0.000000 -0.000000  0.000000  0.945677  0.000000 ) 
     freq (    5) =      13.816971 [THz] =     460.884552 [cm-1]
 (  0.299152  0.000000  0.000000  0.000000  0.038391  0.000000 ) 
 (  0.945677  0.000000 -0.000000  0.000000  0.121362  0.000000 ) 
     freq (    6) =      16.719396 [THz] =     557.699034 [cm-1]
 (  0.000000  0.000000  0.013577  0.000000  0.000000  0.000000 ) 
 (  0.000000  0.000000  0.999908  0.000000  0.000000  0.000000 ) 
 **************************************************************************
