Dynamical matrix file
MgO                                                                        
  2    2   2   7.9848488   0.0000000   0.0000000   0.0000000   0.0000000   0.0000000
           1  'Mg  '    22152.652328755896     
           2  'O   '    14582.196445495396     
    1    1      0.0000000000      0.0000000000      0.0000000000
    2    2     -0.5000000000      0.5000000000      0.5000000000

     Dynamical  Matrix in cartesian axes

     q = (   -0.500000000  -1.000000000   0.000000000 ) 

    1    1
  0.21521553   0.00000000     0.00000000   0.00000000    -0.00000000   0.00000000
  0.00000000   0.00000000     0.25807593   0.00000000     0.00000000   0.00000000
  0.00000000   0.00000000     0.00000000   0.00000000     0.25807593   0.00000000
    1    2
 -0.00000000   0.00000000     0.00000000  -0.00000000     0.00000000   0.00000000
  0.00000000  -0.00000000     0.00000000   0.02568511     0.00000000   0.00000000
  0.00000000   0.00000000     0.00000000   0.00000000    -0.00000000  -0.02568511
    2    1
 -0.00000000   0.00000000     0.00000000   0.00000000    -0.00000000   0.00000000
  0.00000000   0.00000000     0.00000000  -0.02568511     0.00000000  -0.00000000
  0.00000000   0.00000000     0.00000000  -0.00000000    -0.00000000   0.02568511
    2    2
  0.25603602   0.00000000    -0.00000000   0.00000000    -0.00000000   0.00000000
 -0.00000000   0.00000000     0.31435641   0.00000000    -0.00000000   0.00000000
  0.00000000   0.00000000    -0.00000000   0.00000000     0.31435641   0.00000000

     Dynamical  Matrix in cartesian axes

     q = (    0.000000000   1.000000000   0.500000000 ) 

    1    1
  0.25807593   0.00000000    -0.00000000   0.00000000     0.00000000   0.00000000
  0.00000000   0.00000000     0.25807593   0.00000000     0.00000000   0.00000000
 -0.00000000   0.00000000     0.00000000   0.00000000     0.21521553   0.00000000
    1    2
 -0.00000000  -0.02568511     0.00000000  -0.00000000    -0.00000000   0.00000000
 -0.00000000  -0.00000000     0.00000000   0.02568511    -0.00000000   0.00000000
  0.00000000   0.00000000    -0.00000000   0.00000000    -0.00000000   0.00000000
    2    1
 -0.00000000   0.02568511    -0.00000000   0.00000000    -0.00000000  -0.00000000
 -0.00000000  -0.00000000     0.00000000  -0.02568511    -0.00000000  -0.00000000
 -0.00000000   0.00000000    -0.00000000   0.00000000    -0.00000000  -0.00000000
    2    2
  0.31435641   0.00000000     0.00000000   0.00000000     0.00000000   0.00000000
  0.00000000   0.00000000     0.31435641   0.00000000     0.00000000   0.00000000
  0.00000000   0.00000000     0.00000000   0.00000000     0.25603602   0.00000000

     Dynamical  Matrix in cartesian axes

     q = (    0.000000000  -1.000000000  -0.500000000 ) 

    1    1
  0.25807593   0.00000000    -0.00000000   0.00000000     0.00000000   0.00000000
  0.00000000   0.00000000     0.25807593   0.00000000     0.00000000   0.00000000
 -0.00000000   0.00000000     0.00000000   0.00000000     0.21521553   0.00000000
    1    2
 -0.00000000   0.02568511     0.00000000   0.00000000     0.00000000  -0.00000000
  0.00000000   0.00000000     0.00000000  -0.02568511    -0.00000000  -0.00000000
 -0.00000000  -0.00000000     0.00000000  -0.00000000     0.00000000   0.00000000
    2    1
 -0.00000000  -0.02568511    -0.00000000  -0.00000000    -0.00000000  -0.00000000
 -0.00000000   0.00000000     0.00000000   0.02568511     0.00000000   0.00000000
 -0.00000000  -0.00000000     0.00000000   0.00000000     0.00000000  -0.00000000
    2    2
  0.31435641   0.00000000     0.00000000   0.00000000     0.00000000   0.00000000
  0.00000000   0.00000000     0.31435641   0.00000000     0.00000000   0.00000000
  0.00000000   0.00000000     0.00000000   0.00000000     0.25603602   0.00000000

     Dynamical  Matrix in cartesian axes

     q = (    0.500000000   1.000000000   0.000000000 ) 

    1    1
  0.21521553   0.00000000     0.00000000   0.00000000     0.00000000   0.00000000
  0.00000000   0.00000000     0.25807593   0.00000000     0.00000000   0.00000000
  0.00000000   0.00000000     0.00000000   0.00000000     0.25807593   0.00000000
    1    2
  0.00000000   0.00000000     0.00000000   0.00000000    -0.00000000  -0.00000000
 -0.00000000   0.00000000    -0.00000000  -0.02568511     0.00000000  -0.00000000
 -0.00000000  -0.00000000    -0.00000000   0.00000000     0.00000000   0.02568511
    2    1
  0.00000000  -0.00000000     0.00000000   0.00000000    -0.00000000  -0.00000000
  0.00000000  -0.00000000     0.00000000   0.02568511     0.00000000  -0.00000000
 -0.00000000  -0.00000000    -0.00000000   0.00000000    -0.00000000  -0.02568511
    2    2
  0.25603602   0.00000000    -0.00000000   0.00000000    -0.00000000   0.00000000
 -0.00000000   0.00000000     0.31435641   0.00000000    -0.00000000   0.00000000
  0.00000000   0.00000000    -0.00000000   0.00000000     0.31435641   0.00000000

     Dynamical  Matrix in cartesian axes

     q = (   -1.000000000  -0.500000000   0.000000000 ) 

    1    1
  0.25807593   0.00000000    -0.00000000   0.00000000    -0.00000000   0.00000000
 -0.00000000   0.00000000     0.21521553   0.00000000    -0.00000000   0.00000000
 -0.00000000   0.00000000    -0.00000000   0.00000000     0.25807593   0.00000000
    1    2
 -0.00000000  -0.02568511    -0.00000000   0.00000000    -0.00000000   0.00000000
  0.00000000   0.00000000     0.00000000   0.00000000     0.00000000   0.00000000
 -0.00000000   0.00000000     0.00000000   0.00000000     0.00000000   0.02568511
    2    1
  0.00000000   0.02568511     0.00000000  -0.00000000    -0.00000000  -0.00000000
  0.00000000  -0.00000000     0.00000000  -0.00000000     0.00000000  -0.00000000
 -0.00000000   0.00000000     0.00000000   0.00000000    -0.00000000  -0.02568511
    2    2
  0.31435641   0.00000000    -0.00000000   0.00000000     0.00000000   0.00000000
 -0.00000000   0.00000000     0.25603602   0.00000000     0.00000000   0.00000000
  0.00000000   0.00000000    -0.00000000   0.00000000     0.31435641   0.00000000

     Dynamical  Matrix in cartesian axes

     q = (    0.000000000  -0.500000000  -1.000000000 ) 

    1    1
  0.25807593   0.00000000     0.00000000   0.00000000    -0.00000000   0.00000000
  0.00000000   0.00000000     0.21521553   0.00000000    -0.00000000   0.00000000
 -0.00000000   0.00000000    -0.00000000   0.00000000     0.25807593   0.00000000
    1    2
  0.00000000   0.02568511     0.00000000  -0.00000000    -0.00000000   0.00000000
  0.00000000   0.00000000     0.00000000   0.00000000     0.00000000   0.00000000
 -0.00000000  -0.00000000    -0.00000000  -0.00000000    -0.00000000  -0.02568511
    2    1
  0.00000000  -0.02568511     0.00000000   0.00000000    -0.00000000  -0.00000000
 -0.00000000  -0.00000000     0.00000000  -0.00000000     0.00000000   0.00000000
 -0.00000000  -0.00000000     0.00000000   0.00000000    -0.00000000   0.02568511
    2    2
  0.31435641   0.00000000    -0.00000000   0.00000000     0.00000000   0.00000000
 -0.00000000   0.00000000     0.25603602   0.00000000     0.00000000   0.00000000
  0.00000000   0.00000000    -0.00000000   0.00000000     0.31435641   0.00000000

     Diagonalizing the dynamical matrix

     q = (   -0.500000000  -1.000000000   0.000000000 ) 

 **************************************************************************
     freq (    1) =      10.254134 [THz] =     342.041077 [cm-1]
 ( -0.196297  0.980545 -0.000000 -0.000000  0.000000 -0.000000 ) 
 (  0.000000  0.000000  0.000000 -0.000000 -0.000000  0.000000 ) 
     freq (    2) =      11.131085 [THz] =     371.293034 [cm-1]
 (  0.000000 -0.000000  0.000000 -0.778211  0.000000  0.604091 ) 
 ( -0.000000 -0.000000  0.135587  0.000000  0.105250  0.000000 ) 
     freq (    3) =      11.131085 [THz] =     371.293034 [cm-1]
 ( -0.000000  0.000000 -0.000000  0.604091  0.000000  0.778211 ) 
 (  0.000000  0.000000 -0.105250 -0.000000  0.135587  0.000000 ) 
     freq (    4) =      13.785232 [THz] =     459.825858 [cm-1]
 ( -0.000000  0.000000  0.000000  0.000000  0.000000  0.000000 ) 
 ( -0.999818  0.019087  0.000000 -0.000000 -0.000000  0.000000 ) 
     freq (    5) =      15.346173 [THz] =     511.893238 [cm-1]
 ( -0.000000 -0.000000 -0.000000 -0.000000 -0.000000 -0.113941 ) 
 ( -0.000000  0.000000 -0.000000  0.000000  0.993487  0.000000 ) 
     freq (    6) =      15.346173 [THz] =     511.893238 [cm-1]
 ( -0.000000  0.000000 -0.000000 -0.113941 -0.000000 -0.000000 ) 
 ( -0.000000 -0.000000 -0.993487  0.000002 -0.000000  0.000000 ) 
 **************************************************************************
