Dynamical matrix file
Ph                                                                         
  1    2  2 10.0000000  0.0000000  0.0000000  0.0000000  0.0000000  0.0000000
           1  'Si  '    25598.822984527003     
    1    1      0.0000000000      0.0000000000      0.0000000000
    2    1      0.2500000000      0.2500000000      0.2500000000

     Dynamical  Matrix in cartesian axes

     q = (    0.000000000   0.000000000   0.000000000 ) 

    1    1
  0.31941751  0.00000000    0.00000000  0.00000000    0.00000000  0.00000000
  0.00000000  0.00000000    0.31941751  0.00000000   -0.00000000  0.00000000
  0.00000000  0.00000000   -0.00000000  0.00000000    0.31941751  0.00000000
    1    2
 -0.31937959  0.00000000    0.00000000  0.00000000    0.00000000  0.00000000
  0.00000000  0.00000000   -0.31937959  0.00000000    0.00000000  0.00000000
  0.00000000  0.00000000    0.00000000  0.00000000   -0.31937959  0.00000000
    2    1
 -0.31937959  0.00000000    0.00000000  0.00000000    0.00000000  0.00000000
  0.00000000  0.00000000   -0.31937959  0.00000000    0.00000000  0.00000000
  0.00000000  0.00000000    0.00000000  0.00000000   -0.31937959  0.00000000
    2    2
  0.31941751  0.00000000   -0.00000000  0.00000000    0.00000000  0.00000000
 -0.00000000  0.00000000    0.31941751  0.00000000    0.00000000  0.00000000
 -0.00000000  0.00000000    0.00000000  0.00000000    0.31941751  0.00000000

     Dielectric Tensor:

         23.856960582547          0.000000000000         -0.000000000000
         -0.000000000000         23.856960582547         -0.000000000000
         -0.000000000000          0.000000000000         23.856960582547

     Effective Charges E-U: Z_{alpha}{s,beta}

     atom #    1
         -1.234017243235         -0.000000000000          0.000000000000
         -0.000000000000         -1.234017243235          0.000000000000
          0.000000000000         -0.000000000000         -1.234017243235
     atom #    2
         -1.234017243235          0.000000000000         -0.000000000000
         -0.000000000000         -1.234017243235          0.000000000000
         -0.000000000000          0.000000000000         -1.234017243235

     Effective Charges U-E: Z_{s,alpha}{beta}

     atom #    1
     -0.123401690860E+01      0.222044604925E-14      0.133226762955E-14
      0.444089209850E-15     -0.123401690860E+01     -0.444089209850E-15
      0.222044604925E-14      0.444089209850E-15     -0.123401690860E+01
     atom #    2
     -0.123401690860E+01      0.355271367880E-14      0.355271367880E-14
      0.266453525910E-14     -0.123401690860E+01     -0.177635683940E-14
      0.355271367880E-14     -0.266453525910E-14     -0.123401690860E+01

     Diagonalizing the dynamical matrix

     q = (    0.000000000   0.000000000   0.000000000 ) 

 **************************************************************************
     freq (    1) =       0.126629 [THz] =       4.223901 [cm-1]
 (  0.019014 -0.000000  0.533631 -0.000000  0.463547  0.000000 ) 
 (  0.019014 -0.000000  0.533631 -0.000000  0.463547  0.000000 ) 
     freq (    2) =       0.126629 [THz] =       4.223901 [cm-1]
 ( -0.675268  0.000000  0.150778  0.000000 -0.145875  0.000000 ) 
 ( -0.675268  0.000000  0.150778  0.000000 -0.145875  0.000000 ) 
     freq (    3) =       0.126629 [THz] =       4.223901 [cm-1]
 ( -0.208930  0.000000 -0.438752  0.000000  0.513658 -0.000000 ) 
 ( -0.208930  0.000000 -0.438752  0.000000  0.513658 -0.000000 ) 
     freq (    4) =      16.434122 [THz] =     548.183302 [cm-1]
 (  0.358187  0.000000 -0.475793  0.000000  0.381213 -0.000000 ) 
 ( -0.358187  0.000000  0.475793 -0.000000 -0.381213  0.000000 ) 
     freq (    5) =      16.434122 [THz] =     548.183302 [cm-1]
 ( -0.604850  0.000000 -0.221810  0.000000  0.291473  0.000000 ) 
 (  0.604850 -0.000000  0.221810  0.000000 -0.291473  0.000000 ) 
     freq (    6) =      16.434122 [THz] =     548.183302 [cm-1]
 (  0.076543  0.000000  0.473731  0.000000  0.519346  0.000000 ) 
 ( -0.076543  0.000000 -0.473731  0.000000 -0.519346  0.000000 ) 
 **************************************************************************
