Dynamical matrix file
Ph                                                                         
  1    2  2 10.0000000  0.0000000  0.0000000  0.0000000  0.0000000  0.0000000
           1  'Si  '    25598.822984527003     
    1    1      0.0000000000      0.0000000000      0.0000000000
    2    1      0.2500000000      0.2500000000      0.2500000000

     Dynamical  Matrix in cartesian axes

     q = (    0.500000000  -0.500000000   0.500000000 ) 

    1    1
  0.31895913  0.00000000   -0.02351665  0.00000000    0.02351665  0.00000000
 -0.02351665  0.00000000    0.31895913  0.00000000   -0.02351665  0.00000000
  0.02351665  0.00000000   -0.02351665  0.00000000    0.31895913  0.00000000
    1    2
 -0.17201603  0.00000000   -0.10793096  0.00000000    0.10793096  0.00000000
 -0.10793096  0.00000000   -0.17201603  0.00000000   -0.10793096  0.00000000
  0.10793096  0.00000000   -0.10793096  0.00000000   -0.17201603  0.00000000
    2    1
 -0.17201603  0.00000000   -0.10793096  0.00000000    0.10793096  0.00000000
 -0.10793096  0.00000000   -0.17201603  0.00000000   -0.10793096  0.00000000
  0.10793096  0.00000000   -0.10793096  0.00000000   -0.17201603  0.00000000
    2    2
  0.31895913  0.00000000   -0.02351665  0.00000000    0.02351665  0.00000000
 -0.02351665  0.00000000    0.31895913  0.00000000   -0.02351665  0.00000000
  0.02351665  0.00000000   -0.02351665  0.00000000    0.31895913  0.00000000

     Dynamical  Matrix in cartesian axes

     q = (    0.500000000   0.500000000   0.500000000 ) 

    1    1
  0.31895913  0.00000000    0.02351665  0.00000000    0.02351665  0.00000000
  0.02351665  0.00000000    0.31895913  0.00000000    0.02351665  0.00000000
  0.02351665  0.00000000    0.02351665  0.00000000    0.31895913  0.00000000
    1    2
  0.17201603  0.00000000   -0.10793096 -0.00000000   -0.10793096 -0.00000000
 -0.10793096 -0.00000000    0.17201603  0.00000000   -0.10793096 -0.00000000
 -0.10793096 -0.00000000   -0.10793096 -0.00000000    0.17201603  0.00000000
    2    1
  0.17201603 -0.00000000   -0.10793096  0.00000000   -0.10793096  0.00000000
 -0.10793096  0.00000000    0.17201603 -0.00000000   -0.10793096  0.00000000
 -0.10793096  0.00000000   -0.10793096  0.00000000    0.17201603 -0.00000000
    2    2
  0.31895913  0.00000000    0.02351665  0.00000000    0.02351665  0.00000000
  0.02351665  0.00000000    0.31895913  0.00000000    0.02351665  0.00000000
  0.02351665  0.00000000    0.02351665  0.00000000    0.31895913  0.00000000

     Dynamical  Matrix in cartesian axes

     q = (   -0.500000000   0.500000000   0.500000000 ) 

    1    1
  0.31895913  0.00000000   -0.02351665  0.00000000   -0.02351665  0.00000000
 -0.02351665  0.00000000    0.31895913  0.00000000    0.02351665  0.00000000
 -0.02351665  0.00000000    0.02351665  0.00000000    0.31895913  0.00000000
    1    2
 -0.17201603  0.00000000   -0.10793096  0.00000000   -0.10793096  0.00000000
 -0.10793096  0.00000000   -0.17201603  0.00000000    0.10793096  0.00000000
 -0.10793096  0.00000000    0.10793096  0.00000000   -0.17201603  0.00000000
    2    1
 -0.17201603  0.00000000   -0.10793096  0.00000000   -0.10793096  0.00000000
 -0.10793096  0.00000000   -0.17201603  0.00000000    0.10793096  0.00000000
 -0.10793096  0.00000000    0.10793096  0.00000000   -0.17201603  0.00000000
    2    2
  0.31895913  0.00000000   -0.02351665  0.00000000   -0.02351665  0.00000000
 -0.02351665  0.00000000    0.31895913  0.00000000    0.02351665  0.00000000
 -0.02351665  0.00000000    0.02351665  0.00000000    0.31895913  0.00000000

     Dynamical  Matrix in cartesian axes

     q = (    0.500000000   0.500000000  -0.500000000 ) 

    1    1
  0.31895913  0.00000000    0.02351665  0.00000000   -0.02351665  0.00000000
  0.02351665  0.00000000    0.31895913  0.00000000   -0.02351665  0.00000000
 -0.02351665  0.00000000   -0.02351665  0.00000000    0.31895913  0.00000000
    1    2
 -0.17201603  0.00000000    0.10793096  0.00000000   -0.10793096  0.00000000
  0.10793096  0.00000000   -0.17201603  0.00000000   -0.10793096  0.00000000
 -0.10793096  0.00000000   -0.10793096  0.00000000   -0.17201603  0.00000000
    2    1
 -0.17201603  0.00000000    0.10793096  0.00000000   -0.10793096  0.00000000
  0.10793096  0.00000000   -0.17201603  0.00000000   -0.10793096  0.00000000
 -0.10793096  0.00000000   -0.10793096  0.00000000   -0.17201603  0.00000000
    2    2
  0.31895913  0.00000000    0.02351665  0.00000000   -0.02351665  0.00000000
  0.02351665  0.00000000    0.31895913  0.00000000   -0.02351665  0.00000000
 -0.02351665  0.00000000   -0.02351665  0.00000000    0.31895913  0.00000000

     Diagonalizing the dynamical matrix

     q = (    0.500000000  -0.500000000   0.500000000 ) 

 **************************************************************************
     freq (    1) =       2.559574 [THz] =      85.378186 [cm-1]
 (  0.455526  0.000000  0.534963  0.000000  0.079437  0.000000 ) 
 (  0.455526  0.000000  0.534963  0.000000  0.079437  0.000000 ) 
     freq (    2) =       2.559574 [THz] =      85.378186 [cm-1]
 ( -0.354724  0.000000  0.217135  0.000000  0.571859  0.000000 ) 
 ( -0.354724  0.000000  0.217135  0.000000  0.571859  0.000000 ) 
     freq (    3) =      11.670562 [THz] =     389.288045 [cm-1]
 (  0.408248  0.000000 -0.408248  0.000000  0.408248  0.000000 ) 
 ( -0.408248  0.000000  0.408248  0.000000 -0.408248  0.000000 ) 
     freq (    4) =      13.163498 [THz] =     439.087038 [cm-1]
 (  0.408248  0.000000 -0.408248  0.000000  0.408248  0.000000 ) 
 (  0.408248  0.000000 -0.408248  0.000000  0.408248  0.000000 ) 
     freq (    5) =      15.597177 [THz] =     520.265816 [cm-1]
 (  0.500953  0.000000  0.499042  0.000000 -0.001911  0.000000 ) 
 ( -0.500953  0.000000 -0.499042  0.000000  0.001911  0.000000 ) 
     freq (    6) =      15.597177 [THz] =     520.265816 [cm-1]
 (  0.287019  0.000000 -0.290328  0.000000 -0.577347  0.000000 ) 
 ( -0.287019  0.000000  0.290328  0.000000  0.577347  0.000000 ) 
 **************************************************************************
