Dynamical matrix file
Ph                                                                         
  1    2  2 10.0000000  0.0000000  0.0000000  0.0000000  0.0000000  0.0000000
           1  'Si  '    25598.822984527003     
    1    1      0.0000000000      0.0000000000      0.0000000000
    2    1      0.2500000000      0.2500000000      0.2500000000

     Dynamical  Matrix in cartesian axes

     q = (    0.000000000  -1.000000000   0.000000000 ) 

    1    1
  0.26627462  0.00000000   -0.00000000  0.00000000   -0.00000000  0.00000000
  0.00000000  0.00000000    0.38206952  0.00000000    0.00000000  0.00000000
 -0.00000000  0.00000000   -0.00000000  0.00000000    0.26627462  0.00000000
    1    2
  0.00000000  0.00000000    0.00000000 -0.00000000   -0.24830884  0.00000000
  0.00000000 -0.00000000    0.00000000  0.00000000   -0.00000000 -0.00000000
 -0.24830884  0.00000000    0.00000000 -0.00000000    0.00000000  0.00000000
    2    1
  0.00000000 -0.00000000    0.00000000  0.00000000   -0.24830884 -0.00000000
  0.00000000  0.00000000    0.00000000 -0.00000000   -0.00000000  0.00000000
 -0.24830884 -0.00000000    0.00000000  0.00000000    0.00000000 -0.00000000
    2    2
  0.26627462  0.00000000    0.00000000  0.00000000   -0.00000000  0.00000000
  0.00000000  0.00000000    0.38206952  0.00000000    0.00000000  0.00000000
 -0.00000000  0.00000000    0.00000000  0.00000000    0.26627462  0.00000000

     Dynamical  Matrix in cartesian axes

     q = (   -1.000000000   0.000000000   0.000000000 ) 

    1    1
  0.38206952  0.00000000    0.00000000  0.00000000    0.00000000  0.00000000
  0.00000000  0.00000000    0.26627462  0.00000000    0.00000000  0.00000000
  0.00000000  0.00000000    0.00000000  0.00000000    0.26627462  0.00000000
    1    2
  0.00000000 -0.00000000    0.00000000 -0.00000000   -0.00000000  0.00000000
  0.00000000 -0.00000000    0.00000000  0.00000000   -0.24830884  0.00000000
  0.00000000  0.00000000   -0.24830884  0.00000000   -0.00000000  0.00000000
    2    1
  0.00000000 -0.00000000    0.00000000  0.00000000   -0.00000000 -0.00000000
  0.00000000  0.00000000    0.00000000 -0.00000000   -0.24830884 -0.00000000
  0.00000000 -0.00000000   -0.24830884 -0.00000000   -0.00000000 -0.00000000
    2    2
  0.38206952  0.00000000   -0.00000000  0.00000000    0.00000000  0.00000000
 -0.00000000  0.00000000    0.26627462  0.00000000    0.00000000  0.00000000
  0.00000000  0.00000000    0.00000000  0.00000000    0.26627462  0.00000000

     Dynamical  Matrix in cartesian axes

     q = (    0.000000000   0.000000000  -1.000000000 ) 

    1    1
  0.26627462  0.00000000   -0.00000000  0.00000000    0.00000000  0.00000000
 -0.00000000  0.00000000    0.26627462  0.00000000   -0.00000000  0.00000000
  0.00000000  0.00000000   -0.00000000  0.00000000    0.38206952  0.00000000
    1    2
  0.00000000  0.00000000   -0.24830884  0.00000000    0.00000000  0.00000000
 -0.24830884  0.00000000   -0.00000000  0.00000000    0.00000000  0.00000000
  0.00000000  0.00000000    0.00000000  0.00000000    0.00000000  0.00000000
    2    1
 -0.00000000  0.00000000   -0.24830884 -0.00000000   -0.00000000  0.00000000
 -0.24830884 -0.00000000    0.00000000  0.00000000    0.00000000  0.00000000
 -0.00000000  0.00000000    0.00000000  0.00000000   -0.00000000  0.00000000
    2    2
  0.26627462  0.00000000   -0.00000000  0.00000000   -0.00000000  0.00000000
 -0.00000000  0.00000000    0.26627462  0.00000000    0.00000000  0.00000000
  0.00000000  0.00000000    0.00000000  0.00000000    0.38206952  0.00000000

     Diagonalizing the dynamical matrix

     q = (    0.000000000  -1.000000000   0.000000000 ) 

 **************************************************************************
     freq (    1) =       2.756056 [THz] =      91.932140 [cm-1]
 ( -0.655485  0.000000 -0.000000  0.000000 -0.265216  0.000000 ) 
 ( -0.265216  0.000000  0.000000  0.000000 -0.655485  0.000000 ) 
     freq (    2) =       2.756056 [THz] =      91.932140 [cm-1]
 ( -0.265216  0.000000 -0.000000  0.000000  0.655485  0.000000 ) 
 (  0.655485  0.000000 -0.000000  0.000000 -0.265216  0.000000 ) 
     freq (    3) =      12.709727 [THz] =     423.950871 [cm-1]
 (  0.000000  0.000000 -0.369869  0.000000 -0.000000  0.000000 ) 
 (  0.000000  0.000000 -0.929084  0.000000  0.000000  0.000000 ) 
     freq (    4) =      12.709727 [THz] =     423.950871 [cm-1]
 ( -0.000000  0.000000 -0.929084  0.000000 -0.000000  0.000000 ) 
 (  0.000000  0.000000  0.369869  0.000000  0.000000  0.000000 ) 
     freq (    5) =      14.750031 [THz] =     492.008088 [cm-1]
 ( -0.170292  0.000000  0.000000  0.000000 -0.686295  0.000000 ) 
 (  0.686295  0.000000  0.000000  0.000000  0.170292  0.000000 ) 
     freq (    6) =      14.750031 [THz] =     492.008088 [cm-1]
 ( -0.686295  0.000000  0.000000  0.000000  0.170292  0.000000 ) 
 ( -0.170292  0.000000 -0.000000  0.000000  0.686295  0.000000 ) 
 **************************************************************************
