Dynamical matrix file
Ph                                                                         
  1    2  2 10.1000000  0.0000000  0.0000000  0.0000000  0.0000000  0.0000000
           1  'Si  '    25598.822984527003     
    1    1      0.0000000000      0.0000000000      0.0000000000
    2    1      0.2500000000      0.2500000000      0.2500000000

     Dynamical  Matrix in cartesian axes

     q = (    0.000000000   0.000000000   0.000000000 ) 

    1    1
  0.30160259  0.00000000    0.00000000  0.00000000   -0.00000000  0.00000000
  0.00000000  0.00000000    0.30160259  0.00000000    0.00000000  0.00000000
 -0.00000000  0.00000000    0.00000000  0.00000000    0.30160259  0.00000000
    1    2
 -0.30156449  0.00000000   -0.00000000  0.00000000   -0.00000000  0.00000000
 -0.00000000  0.00000000   -0.30156449  0.00000000   -0.00000000  0.00000000
  0.00000000  0.00000000    0.00000000  0.00000000   -0.30156449  0.00000000
    2    1
 -0.30156449  0.00000000    0.00000000  0.00000000   -0.00000000  0.00000000
  0.00000000  0.00000000   -0.30156449  0.00000000   -0.00000000  0.00000000
 -0.00000000  0.00000000    0.00000000  0.00000000   -0.30156449  0.00000000
    2    2
  0.30160259  0.00000000   -0.00000000  0.00000000    0.00000000  0.00000000
 -0.00000000  0.00000000    0.30160259  0.00000000   -0.00000000  0.00000000
  0.00000000  0.00000000   -0.00000000  0.00000000    0.30160259  0.00000000

     Dielectric Tensor:

         24.148810024999          0.000000000000         -0.000000000000
          0.000000000000         24.148810024999          0.000000000000
         -0.000000000000          0.000000000000         24.148810024999

     Effective Charges E-U: Z_{alpha}{s,beta}

     atom #    1
         -1.228758964898         -0.000000000000         -0.000000000000
         -0.000000000000         -1.228758964898          0.000000000000
         -0.000000000000          0.000000000000         -1.228758964898
     atom #    2
         -1.228758964898          0.000000000000          0.000000000000
          0.000000000000         -1.228758964898          0.000000000000
         -0.000000000000          0.000000000000         -1.228758964898

     Effective Charges U-E: Z_{s,alpha}{beta}

     atom #    1
     -0.122875855880E+01      0.310862446895E-14      0.444089209850E-15
      0.310862446895E-14     -0.122875855880E+01     -0.133226762955E-14
      0.133226762955E-14     -0.222044604925E-14     -0.122875855880E+01
     atom #    2
     -0.122875855880E+01     -0.266453525910E-14     -0.888178419700E-15
     -0.222044604925E-14     -0.122875855880E+01      0.444089209850E-15
     -0.888178419700E-15      0.133226762955E-14     -0.122875855880E+01

     Diagonalizing the dynamical matrix

     q = (    0.000000000   0.000000000   0.000000000 ) 

 **************************************************************************
     freq (    1) =       0.126925 [THz] =       4.233749 [cm-1]
 (  0.479984  0.000000  0.344438  0.000000 -0.388559  0.000000 ) 
 (  0.479984  0.000000  0.344438  0.000000 -0.388559  0.000000 ) 
     freq (    2) =       0.126925 [THz] =       4.233749 [cm-1]
 ( -0.134594  0.000000 -0.428522  0.000000 -0.546126  0.000000 ) 
 ( -0.134594  0.000000 -0.428522  0.000000 -0.546126  0.000000 ) 
     freq (    3) =       0.126925 [THz] =       4.233749 [cm-1]
 ( -0.501498  0.000000  0.444670  0.000000 -0.225319  0.000000 ) 
 ( -0.501498  0.000000  0.444670  0.000000 -0.225319  0.000000 ) 
     freq (    4) =      15.969226 [THz] =     532.676026 [cm-1]
 ( -0.225465  0.000000 -0.468375  0.000000  0.479364  0.000000 ) 
 (  0.225465  0.000000  0.468375  0.000000 -0.479364  0.000000 ) 
     freq (    5) =      15.969226 [THz] =     532.676026 [cm-1]
 (  0.637130  0.000000 -0.306700  0.000000 -0.000000  0.000000 ) 
 ( -0.637130  0.000000  0.306700  0.000000 -0.000000  0.000000 ) 
     freq (    6) =      15.969226 [THz] =     532.676026 [cm-1]
 (  0.207919  0.000000  0.431925  0.000000  0.519817  0.000000 ) 
 ( -0.207919  0.000000 -0.431925  0.000000 -0.519817  0.000000 ) 
 **************************************************************************
