Dynamical matrix file
Ph                                                                         
  1    2  2 10.1000000  0.0000000  0.0000000  0.0000000  0.0000000  0.0000000
           1  'Si  '    25598.822984527003     
    1    1      0.0000000000      0.0000000000      0.0000000000
    2    1      0.2500000000      0.2500000000      0.2500000000

     Dynamical  Matrix in cartesian axes

     q = (    0.500000000  -0.500000000   0.500000000 ) 

    1    1
  0.30011933  0.00000000   -0.02242296  0.00000000    0.02242296  0.00000000
 -0.02242296  0.00000000    0.30011933  0.00000000   -0.02242296  0.00000000
  0.02242296  0.00000000   -0.02242296  0.00000000    0.30011933  0.00000000
    1    2
 -0.16273836  0.00000000   -0.09588881  0.00000000    0.09588881  0.00000000
 -0.09588881  0.00000000   -0.16273836  0.00000000   -0.09588881  0.00000000
  0.09588881  0.00000000   -0.09588881  0.00000000   -0.16273836  0.00000000
    2    1
 -0.16273836  0.00000000   -0.09588881  0.00000000    0.09588881  0.00000000
 -0.09588881  0.00000000   -0.16273836  0.00000000   -0.09588881  0.00000000
  0.09588881  0.00000000   -0.09588881  0.00000000   -0.16273836  0.00000000
    2    2
  0.30011933  0.00000000   -0.02242296  0.00000000    0.02242296  0.00000000
 -0.02242296  0.00000000    0.30011933  0.00000000   -0.02242296  0.00000000
  0.02242296  0.00000000   -0.02242296  0.00000000    0.30011933  0.00000000

     Dynamical  Matrix in cartesian axes

     q = (    0.500000000   0.500000000   0.500000000 ) 

    1    1
  0.30011933  0.00000000    0.02242296  0.00000000    0.02242296  0.00000000
  0.02242296  0.00000000    0.30011933  0.00000000    0.02242296  0.00000000
  0.02242296  0.00000000    0.02242296  0.00000000    0.30011933  0.00000000
    1    2
  0.16273836  0.00000000   -0.09588881 -0.00000000   -0.09588881 -0.00000000
 -0.09588881 -0.00000000    0.16273836  0.00000000   -0.09588881 -0.00000000
 -0.09588881 -0.00000000   -0.09588881 -0.00000000    0.16273836  0.00000000
    2    1
  0.16273836 -0.00000000   -0.09588881  0.00000000   -0.09588881  0.00000000
 -0.09588881  0.00000000    0.16273836 -0.00000000   -0.09588881  0.00000000
 -0.09588881  0.00000000   -0.09588881  0.00000000    0.16273836 -0.00000000
    2    2
  0.30011933  0.00000000    0.02242296  0.00000000    0.02242296  0.00000000
  0.02242296  0.00000000    0.30011933  0.00000000    0.02242296  0.00000000
  0.02242296  0.00000000    0.02242296  0.00000000    0.30011933  0.00000000

     Dynamical  Matrix in cartesian axes

     q = (   -0.500000000   0.500000000   0.500000000 ) 

    1    1
  0.30011933  0.00000000   -0.02242296  0.00000000   -0.02242296  0.00000000
 -0.02242296  0.00000000    0.30011933  0.00000000    0.02242296  0.00000000
 -0.02242296  0.00000000    0.02242296  0.00000000    0.30011933  0.00000000
    1    2
 -0.16273836  0.00000000   -0.09588881  0.00000000   -0.09588881  0.00000000
 -0.09588881  0.00000000   -0.16273836  0.00000000    0.09588881  0.00000000
 -0.09588881  0.00000000    0.09588881  0.00000000   -0.16273836  0.00000000
    2    1
 -0.16273836  0.00000000   -0.09588881  0.00000000   -0.09588881  0.00000000
 -0.09588881  0.00000000   -0.16273836  0.00000000    0.09588881  0.00000000
 -0.09588881  0.00000000    0.09588881  0.00000000   -0.16273836  0.00000000
    2    2
  0.30011933  0.00000000   -0.02242296  0.00000000   -0.02242296  0.00000000
 -0.02242296  0.00000000    0.30011933  0.00000000    0.02242296  0.00000000
 -0.02242296  0.00000000    0.02242296  0.00000000    0.30011933  0.00000000

     Dynamical  Matrix in cartesian axes

     q = (    0.500000000   0.500000000  -0.500000000 ) 

    1    1
  0.30011933  0.00000000    0.02242296  0.00000000   -0.02242296  0.00000000
  0.02242296  0.00000000    0.30011933  0.00000000   -0.02242296  0.00000000
 -0.02242296  0.00000000   -0.02242296  0.00000000    0.30011933  0.00000000
    1    2
 -0.16273836  0.00000000    0.09588881  0.00000000   -0.09588881  0.00000000
  0.09588881  0.00000000   -0.16273836  0.00000000   -0.09588881  0.00000000
 -0.09588881  0.00000000   -0.09588881  0.00000000   -0.16273836  0.00000000
    2    1
 -0.16273836  0.00000000    0.09588881  0.00000000   -0.09588881  0.00000000
  0.09588881  0.00000000   -0.16273836  0.00000000   -0.09588881  0.00000000
 -0.09588881  0.00000000   -0.09588881  0.00000000   -0.16273836  0.00000000
    2    2
  0.30011933  0.00000000    0.02242296  0.00000000   -0.02242296  0.00000000
  0.02242296  0.00000000    0.30011933  0.00000000   -0.02242296  0.00000000
 -0.02242296  0.00000000   -0.02242296  0.00000000    0.30011933  0.00000000

     Diagonalizing the dynamical matrix

     q = (    0.500000000  -0.500000000   0.500000000 ) 

 **************************************************************************
     freq (    1) =       2.839431 [THz] =      94.713235 [cm-1]
 ( -0.571776  0.000000 -0.355202  0.000000  0.216574 -0.000000 ) 
 ( -0.571776  0.000000 -0.355202  0.000000  0.216574 -0.000000 ) 
     freq (    2) =       2.839431 [THz] =      94.713235 [cm-1]
 (  0.080037  0.000000 -0.455154  0.000000 -0.535191  0.000000 ) 
 (  0.080037  0.000000 -0.455154  0.000000 -0.535191  0.000000 ) 
     freq (    3) =      11.557335 [THz] =     385.511205 [cm-1]
 ( -0.408248  0.000000  0.408248 -0.000000 -0.408248  0.000000 ) 
 (  0.408248  0.000000 -0.408248  0.000000  0.408248  0.000000 ) 
     freq (    4) =      12.574868 [THz] =     419.452458 [cm-1]
 (  0.408248  0.000000 -0.408248  0.000000  0.408248  0.000000 ) 
 (  0.408248 -0.000000 -0.408248  0.000000  0.408248 -0.000000 ) 
     freq (    5) =      15.058387 [THz] =     502.293733 [cm-1]
 (  0.570119  0.000000  0.206172  0.000000 -0.363947  0.000000 ) 
 ( -0.570119  0.000000 -0.206172  0.000000  0.363947  0.000000 ) 
     freq (    6) =      15.058387 [THz] =     502.293733 [cm-1]
 (  0.091092  0.000000  0.539283  0.000000  0.448192  0.000000 ) 
 ( -0.091092  0.000000 -0.539283  0.000000 -0.448192  0.000000 ) 
 **************************************************************************
