Dynamical matrix file
Ph                                                                         
  1    2  2 10.1000000  0.0000000  0.0000000  0.0000000  0.0000000  0.0000000
           1  'Si  '    25598.822984527003     
    1    1      0.0000000000      0.0000000000      0.0000000000
    2    1      0.2500000000      0.2500000000      0.2500000000

     Dynamical  Matrix in cartesian axes

     q = (    0.000000000   0.500000000   0.000000000 ) 

    1    1
  0.27148031  0.00000000   -0.00000000  0.00000000   -0.00000000  0.00000000
 -0.00000000  0.00000000    0.34156663  0.00000000   -0.00000000  0.00000000
 -0.00000000  0.00000000   -0.00000000  0.00000000    0.27148031  0.00000000
    1    2
 -0.13893987  0.13893987    0.00000000  0.00000000   -0.09666232 -0.09666232
  0.00000000  0.00000000   -0.15029520  0.15029520    0.00000000  0.00000000
 -0.09666232 -0.09666232    0.00000000  0.00000000   -0.13893987  0.13893987
    2    1
 -0.13893987 -0.13893987   -0.00000000  0.00000000   -0.09666232  0.09666232
 -0.00000000  0.00000000   -0.15029520 -0.15029520   -0.00000000  0.00000000
 -0.09666232  0.09666232   -0.00000000  0.00000000   -0.13893987 -0.13893987
    2    2
  0.27148031  0.00000000    0.00000000  0.00000000    0.00000000  0.00000000
  0.00000000  0.00000000    0.34156663  0.00000000    0.00000000  0.00000000
  0.00000000  0.00000000    0.00000000  0.00000000    0.27148031  0.00000000

     Dynamical  Matrix in cartesian axes

     q = (    0.000000000  -0.500000000   0.000000000 ) 

    1    1
  0.27148031  0.00000000   -0.00000000  0.00000000    0.00000000  0.00000000
 -0.00000000  0.00000000    0.34156663  0.00000000    0.00000000  0.00000000
  0.00000000  0.00000000    0.00000000  0.00000000    0.27148031  0.00000000
    1    2
 -0.13893987 -0.13893987    0.00000000 -0.00000000   -0.09666232  0.09666232
  0.00000000 -0.00000000   -0.15029520 -0.15029520    0.00000000 -0.00000000
 -0.09666232  0.09666232    0.00000000 -0.00000000   -0.13893987 -0.13893987
    2    1
 -0.13893987  0.13893987   -0.00000000  0.00000000   -0.09666232 -0.09666232
 -0.00000000  0.00000000   -0.15029520  0.15029520   -0.00000000  0.00000000
 -0.09666232 -0.09666232   -0.00000000  0.00000000   -0.13893987  0.13893987
    2    2
  0.27148031  0.00000000    0.00000000  0.00000000   -0.00000000  0.00000000
  0.00000000  0.00000000    0.34156663  0.00000000   -0.00000000  0.00000000
 -0.00000000  0.00000000    0.00000000  0.00000000    0.27148031  0.00000000

     Dynamical  Matrix in cartesian axes

     q = (    0.500000000   0.000000000   0.000000000 ) 

    1    1
  0.34156663  0.00000000   -0.00000000  0.00000000   -0.00000000  0.00000000
 -0.00000000  0.00000000    0.27148031  0.00000000   -0.00000000  0.00000000
  0.00000000  0.00000000   -0.00000000  0.00000000    0.27148031  0.00000000
    1    2
 -0.15029520  0.15029520   -0.00000000  0.00000000   -0.00000000  0.00000000
 -0.00000000  0.00000000   -0.13893987  0.13893987   -0.09666232 -0.09666232
 -0.00000000 -0.00000000   -0.09666232 -0.09666232   -0.13893987  0.13893987
    2    1
 -0.15029520 -0.15029520   -0.00000000 -0.00000000    0.00000000  0.00000000
 -0.00000000 -0.00000000   -0.13893987 -0.13893987   -0.09666232  0.09666232
 -0.00000000  0.00000000   -0.09666232  0.09666232   -0.13893987 -0.13893987
    2    2
  0.34156663  0.00000000    0.00000000  0.00000000    0.00000000  0.00000000
  0.00000000  0.00000000    0.27148031  0.00000000    0.00000000  0.00000000
  0.00000000  0.00000000    0.00000000  0.00000000    0.27148031  0.00000000

     Dynamical  Matrix in cartesian axes

     q = (    0.000000000   0.000000000   0.500000000 ) 

    1    1
  0.27148031  0.00000000   -0.00000000  0.00000000    0.00000000  0.00000000
  0.00000000  0.00000000    0.27148031  0.00000000    0.00000000  0.00000000
  0.00000000  0.00000000    0.00000000  0.00000000    0.34156663  0.00000000
    1    2
 -0.13893987  0.13893987   -0.09666232 -0.09666232    0.00000000  0.00000000
 -0.09666232 -0.09666232   -0.13893987  0.13893987    0.00000000  0.00000000
  0.00000000  0.00000000    0.00000000 -0.00000000   -0.15029520  0.15029520
    2    1
 -0.13893987 -0.13893987   -0.09666232  0.09666232    0.00000000 -0.00000000
 -0.09666232  0.09666232   -0.13893987 -0.13893987    0.00000000  0.00000000
  0.00000000 -0.00000000    0.00000000  0.00000000   -0.15029520 -0.15029520
    2    2
  0.27148031  0.00000000    0.00000000  0.00000000   -0.00000000  0.00000000
  0.00000000  0.00000000    0.27148031  0.00000000    0.00000000  0.00000000
  0.00000000  0.00000000    0.00000000  0.00000000    0.34156663  0.00000000

     Dynamical  Matrix in cartesian axes

     q = (    0.000000000   0.000000000  -0.500000000 ) 

    1    1
  0.27148031  0.00000000    0.00000000  0.00000000    0.00000000  0.00000000
  0.00000000  0.00000000    0.27148031  0.00000000    0.00000000  0.00000000
  0.00000000  0.00000000    0.00000000  0.00000000    0.34156663  0.00000000
    1    2
 -0.13893987 -0.13893987   -0.09666232  0.09666232   -0.00000000  0.00000000
 -0.09666232  0.09666232   -0.13893987 -0.13893987   -0.00000000  0.00000000
 -0.00000000  0.00000000   -0.00000000  0.00000000   -0.15029520 -0.15029520
    2    1
 -0.13893987  0.13893987   -0.09666232 -0.09666232    0.00000000  0.00000000
 -0.09666232 -0.09666232   -0.13893987  0.13893987    0.00000000  0.00000000
  0.00000000  0.00000000    0.00000000 -0.00000000   -0.15029520  0.15029520
    2    2
  0.27148031  0.00000000   -0.00000000  0.00000000   -0.00000000  0.00000000
 -0.00000000  0.00000000    0.27148031  0.00000000    0.00000000  0.00000000
  0.00000000  0.00000000   -0.00000000  0.00000000    0.34156663  0.00000000

     Dynamical  Matrix in cartesian axes

     q = (   -0.500000000   0.000000000   0.000000000 ) 

    1    1
  0.34156663  0.00000000   -0.00000000  0.00000000    0.00000000  0.00000000
 -0.00000000  0.00000000    0.27148031  0.00000000    0.00000000  0.00000000
  0.00000000  0.00000000   -0.00000000  0.00000000    0.27148031  0.00000000
    1    2
 -0.15029520 -0.15029520   -0.00000000 -0.00000000    0.00000000  0.00000000
 -0.00000000 -0.00000000   -0.13893987 -0.13893987   -0.09666232  0.09666232
  0.00000000 -0.00000000   -0.09666232  0.09666232   -0.13893987 -0.13893987
    2    1
 -0.15029520  0.15029520    0.00000000  0.00000000   -0.00000000 -0.00000000
  0.00000000  0.00000000   -0.13893987  0.13893987   -0.09666232 -0.09666232
 -0.00000000 -0.00000000   -0.09666232 -0.09666232   -0.13893987  0.13893987
    2    2
  0.34156663  0.00000000    0.00000000  0.00000000   -0.00000000  0.00000000
  0.00000000  0.00000000    0.27148031  0.00000000   -0.00000000  0.00000000
  0.00000000  0.00000000    0.00000000  0.00000000    0.27148031  0.00000000

     Diagonalizing the dynamical matrix

     q = (    0.000000000   0.500000000   0.000000000 ) 

 **************************************************************************
     freq (    1) =       3.684840 [THz] =     122.913022 [cm-1]
 (  0.398640  0.148742  0.000000 -0.000000  0.476704 -0.302846 ) 
 (  0.215262  0.002924  0.000000 -0.000000  0.673538 -0.000000 ) 
     freq (    2) =       3.684840 [THz] =     122.913022 [cm-1]
 (  0.309294 -0.472546  0.000000 -0.000000  0.143313  0.400623 ) 
 (  0.673476  0.009150  0.000000 -0.000000 -0.215282  0.000000 ) 
     freq (    3) =       7.385650 [THz] =     246.358754 [cm-1]
 ( -0.000000  0.000000  0.443079 -0.551072 -0.000000  0.000000 ) 
 ( -0.000000 -0.000000  0.702971 -0.076363 -0.000000  0.000000 ) 
     freq (    4) =      14.696364 [THz] =     490.217939 [cm-1]
 ( -0.327005  0.116214 -0.000000  0.000000 -0.561621  0.253267 ) 
 (  0.381788 -0.206720  0.000000 -0.000000  0.558126 -0.000000 ) 
     freq (    5) =      14.696364 [THz] =     490.217939 [cm-1]
 (  0.044692  0.614463 -0.000000  0.000000 -0.053504 -0.342893 ) 
 (  0.490800 -0.265744  0.000000  0.000000 -0.434161  0.000000 ) 
     freq (    6) =      15.306131 [THz] =     510.557588 [cm-1]
 (  0.000000 -0.000000 -0.662170  0.248055  0.000000  0.000000 ) 
 ( -0.000000 -0.000000  0.643626  0.292823  0.000000  0.000000 ) 
 **************************************************************************
