Dynamical matrix file
Ph                                                                         
  1    2   2  10.1000000   0.0000000   0.0000000   0.0000000   0.0000000   0.0000000
           1  'Si  '    25598.823011949724     
    1    1      0.0000000000      0.0000000000      0.0000000000
    2    1      0.2500000000      0.2500000000      0.2500000000

     Dynamical  Matrix in cartesian axes

     q = (    0.500000000   0.000000000   0.500000000 ) 

    1    1
  0.28476204   0.00000000     0.00000000   0.00797175     0.01367203   0.00000000
  0.00000000  -0.00797175     0.30101156   0.00000000     0.00000000  -0.00797175
  0.01367203   0.00000000     0.00000000   0.00797175     0.28476204   0.00000000
    1    2
 -0.00000000   0.13690487    -0.09666491   0.00000000     0.00000000  -0.09581436
 -0.09666491  -0.00000000     0.00000000   0.15282827    -0.09666491   0.00000000
  0.00000000  -0.09581436    -0.09666491   0.00000000     0.00000000   0.13690487
    2    1
 -0.00000000  -0.13690487    -0.09666491  -0.00000000     0.00000000   0.09581436
 -0.09666491   0.00000000     0.00000000  -0.15282827    -0.09666491   0.00000000
  0.00000000   0.09581436    -0.09666491  -0.00000000     0.00000000  -0.13690487
    2    2
  0.28476204   0.00000000     0.00000000  -0.00797175     0.01367203   0.00000000
  0.00000000   0.00797175     0.30101156   0.00000000     0.00000000   0.00797175
  0.01367203   0.00000000     0.00000000  -0.00797175     0.28476204   0.00000000

     Dynamical  Matrix in cartesian axes

     q = (   -0.500000000   0.000000000   0.500000000 ) 

    1    1
  0.28476204   0.00000000     0.00000000   0.00797175    -0.01367203   0.00000000
  0.00000000  -0.00797175     0.30101156   0.00000000     0.00000000   0.00797175
 -0.01367203   0.00000000     0.00000000  -0.00797175     0.28476204   0.00000000
    1    2
 -0.13690487   0.00000000     0.00000000  -0.09666491    -0.09581436   0.00000000
  0.00000000  -0.09666491    -0.15282827   0.00000000     0.00000000   0.09666491
 -0.09581436   0.00000000     0.00000000   0.09666491    -0.13690487   0.00000000
    2    1
 -0.13690487   0.00000000     0.00000000   0.09666491    -0.09581436   0.00000000
  0.00000000   0.09666491    -0.15282827   0.00000000     0.00000000  -0.09666491
 -0.09581436   0.00000000     0.00000000  -0.09666491    -0.13690487   0.00000000
    2    2
  0.28476204   0.00000000     0.00000000  -0.00797175    -0.01367203   0.00000000
  0.00000000   0.00797175     0.30101156   0.00000000     0.00000000  -0.00797175
 -0.01367203   0.00000000     0.00000000   0.00797175     0.28476204   0.00000000

     Dynamical  Matrix in cartesian axes

     q = (   -0.500000000   0.000000000  -0.500000000 ) 

    1    1
  0.28476204   0.00000000     0.00000000  -0.00797175     0.01367203   0.00000000
  0.00000000   0.00797175     0.30101156   0.00000000     0.00000000   0.00797175
  0.01367203   0.00000000     0.00000000  -0.00797175     0.28476204   0.00000000
    1    2
 -0.00000000  -0.13690487    -0.09666491  -0.00000000     0.00000000   0.09581436
 -0.09666491   0.00000000     0.00000000  -0.15282827    -0.09666491   0.00000000
  0.00000000   0.09581436    -0.09666491  -0.00000000     0.00000000  -0.13690487
    2    1
 -0.00000000   0.13690487    -0.09666491   0.00000000     0.00000000  -0.09581436
 -0.09666491  -0.00000000     0.00000000   0.15282827    -0.09666491   0.00000000
  0.00000000  -0.09581436    -0.09666491   0.00000000     0.00000000   0.13690487
    2    2
  0.28476204   0.00000000     0.00000000   0.00797175     0.01367203   0.00000000
  0.00000000  -0.00797175     0.30101156   0.00000000     0.00000000  -0.00797175
  0.01367203   0.00000000     0.00000000   0.00797175     0.28476204   0.00000000

     Dynamical  Matrix in cartesian axes

     q = (    0.500000000   0.000000000  -0.500000000 ) 

    1    1
  0.28476204   0.00000000     0.00000000  -0.00797175    -0.01367203   0.00000000
  0.00000000   0.00797175     0.30101156   0.00000000     0.00000000  -0.00797175
 -0.01367203   0.00000000     0.00000000   0.00797175     0.28476204   0.00000000
    1    2
 -0.13690487  -0.00000000     0.00000000   0.09666491    -0.09581436   0.00000000
  0.00000000   0.09666491    -0.15282827   0.00000000     0.00000000  -0.09666491
 -0.09581436   0.00000000     0.00000000  -0.09666491    -0.13690487   0.00000000
    2    1
 -0.13690487   0.00000000     0.00000000  -0.09666491    -0.09581436   0.00000000
  0.00000000  -0.09666491    -0.15282827   0.00000000     0.00000000   0.09666491
 -0.09581436   0.00000000     0.00000000   0.09666491    -0.13690487   0.00000000
    2    2
  0.28476204   0.00000000     0.00000000   0.00797175    -0.01367203   0.00000000
  0.00000000  -0.00797175     0.30101156   0.00000000     0.00000000   0.00797175
 -0.01367203   0.00000000     0.00000000  -0.00797175     0.28476204   0.00000000

     Dynamical  Matrix in cartesian axes

     q = (    0.000000000   0.500000000  -0.500000000 ) 

    1    1
  0.30101156   0.00000000     0.00000000   0.00797175     0.00000000  -0.00797175
  0.00000000  -0.00797175     0.28476204   0.00000000    -0.01367203   0.00000000
  0.00000000   0.00797175    -0.01367203   0.00000000     0.28476204   0.00000000
    1    2
 -0.15282827   0.00000000     0.00000000   0.09666491     0.00000000  -0.09666491
  0.00000000   0.09666491    -0.13690487   0.00000000    -0.09581436   0.00000000
  0.00000000  -0.09666491    -0.09581436   0.00000000    -0.13690487   0.00000000
    2    1
 -0.15282827   0.00000000     0.00000000  -0.09666491     0.00000000   0.09666491
  0.00000000  -0.09666491    -0.13690487   0.00000000    -0.09581436   0.00000000
  0.00000000   0.09666491    -0.09581436   0.00000000    -0.13690487   0.00000000
    2    2
  0.30101156   0.00000000     0.00000000  -0.00797175     0.00000000   0.00797175
  0.00000000   0.00797175     0.28476204   0.00000000    -0.01367203   0.00000000
  0.00000000  -0.00797175    -0.01367203   0.00000000     0.28476204   0.00000000

     Dynamical  Matrix in cartesian axes

     q = (   -0.500000000   0.500000000   0.000000000 ) 

    1    1
  0.28476204   0.00000000    -0.01367203   0.00000000     0.00000000   0.00797175
 -0.01367203   0.00000000     0.28476204   0.00000000     0.00000000  -0.00797175
  0.00000000  -0.00797175     0.00000000   0.00797175     0.30101156   0.00000000
    1    2
 -0.13690487  -0.00000000    -0.09581436   0.00000000    -0.00000000  -0.09666491
 -0.09581436   0.00000000    -0.13690487  -0.00000000    -0.00000000   0.09666491
 -0.00000000  -0.09666491    -0.00000000   0.09666491    -0.15282827  -0.00000000
    2    1
 -0.13690487  -0.00000000    -0.09581436   0.00000000    -0.00000000   0.09666491
 -0.09581436   0.00000000    -0.13690487  -0.00000000    -0.00000000  -0.09666491
 -0.00000000   0.09666491    -0.00000000  -0.09666491    -0.15282827  -0.00000000
    2    2
  0.28476204   0.00000000    -0.01367203   0.00000000    -0.00000000  -0.00797175
 -0.01367203   0.00000000     0.28476204   0.00000000    -0.00000000   0.00797175
 -0.00000000   0.00797175    -0.00000000  -0.00797175     0.30101156   0.00000000

     Dynamical  Matrix in cartesian axes

     q = (    0.000000000   0.500000000   0.500000000 ) 

    1    1
  0.30101156   0.00000000     0.00000000  -0.00797175     0.00000000  -0.00797175
  0.00000000   0.00797175     0.28476204   0.00000000     0.01367203   0.00000000
  0.00000000   0.00797175     0.01367203   0.00000000     0.28476204   0.00000000
    1    2
 -0.00000000   0.15282827    -0.09666491  -0.00000000    -0.09666491   0.00000000
 -0.09666491  -0.00000000     0.00000000   0.13690487     0.00000000  -0.09581436
 -0.09666491   0.00000000     0.00000000  -0.09581436     0.00000000   0.13690487
    2    1
  0.00000000  -0.15282827    -0.09666491   0.00000000    -0.09666491  -0.00000000
 -0.09666491   0.00000000     0.00000000  -0.13690487     0.00000000   0.09581436
 -0.09666491  -0.00000000     0.00000000   0.09581436     0.00000000  -0.13690487
    2    2
  0.30101156   0.00000000     0.00000000   0.00797175    -0.00000000   0.00797175
  0.00000000  -0.00797175     0.28476204   0.00000000     0.01367203   0.00000000
 -0.00000000  -0.00797175     0.01367203   0.00000000     0.28476204   0.00000000

     Dynamical  Matrix in cartesian axes

     q = (    0.000000000  -0.500000000  -0.500000000 ) 

    1    1
  0.30101156   0.00000000     0.00000000   0.00797175     0.00000000   0.00797175
  0.00000000  -0.00797175     0.28476204   0.00000000     0.01367203   0.00000000
  0.00000000  -0.00797175     0.01367203   0.00000000     0.28476204   0.00000000
    1    2
  0.00000000  -0.15282827    -0.09666491   0.00000000    -0.09666491   0.00000000
 -0.09666491   0.00000000     0.00000000  -0.13690487     0.00000000   0.09581436
 -0.09666491   0.00000000     0.00000000   0.09581436     0.00000000  -0.13690487
    2    1
  0.00000000   0.15282827    -0.09666491   0.00000000    -0.09666491   0.00000000
 -0.09666491   0.00000000     0.00000000   0.13690487     0.00000000  -0.09581436
 -0.09666491   0.00000000     0.00000000  -0.09581436     0.00000000   0.13690487
    2    2
  0.30101156   0.00000000     0.00000000  -0.00797175     0.00000000  -0.00797175
  0.00000000   0.00797175     0.28476204   0.00000000     0.01367203   0.00000000
  0.00000000   0.00797175     0.01367203   0.00000000     0.28476204   0.00000000

     Dynamical  Matrix in cartesian axes

     q = (    0.500000000   0.500000000   0.000000000 ) 

    1    1
  0.28476204   0.00000000     0.01367203   0.00000000     0.00000000   0.00797175
  0.01367203   0.00000000     0.28476204   0.00000000     0.00000000   0.00797175
  0.00000000  -0.00797175     0.00000000  -0.00797175     0.30101156   0.00000000
    1    2
 -0.00000000   0.13690487     0.00000000  -0.09581436    -0.09666491   0.00000000
  0.00000000  -0.09581436     0.00000000   0.13690487    -0.09666491   0.00000000
 -0.09666491  -0.00000000    -0.09666491   0.00000000     0.00000000   0.15282827
    2    1
 -0.00000000  -0.13690487     0.00000000   0.09581436    -0.09666491   0.00000000
  0.00000000   0.09581436     0.00000000  -0.13690487    -0.09666491   0.00000000
 -0.09666491   0.00000000    -0.09666491  -0.00000000     0.00000000  -0.15282827
    2    2
  0.28476204   0.00000000     0.01367203   0.00000000     0.00000000  -0.00797175
  0.01367203   0.00000000     0.28476204   0.00000000     0.00000000  -0.00797175
  0.00000000   0.00797175     0.00000000   0.00797175     0.30101156   0.00000000

     Dynamical  Matrix in cartesian axes

     q = (    0.500000000  -0.500000000   0.000000000 ) 

    1    1
  0.28476204   0.00000000    -0.01367203   0.00000000     0.00000000  -0.00797175
 -0.01367203   0.00000000     0.28476204   0.00000000     0.00000000   0.00797175
  0.00000000   0.00797175     0.00000000  -0.00797175     0.30101156   0.00000000
    1    2
 -0.13690487  -0.00000000    -0.09581436   0.00000000     0.00000000   0.09666491
 -0.09581436   0.00000000    -0.13690487  -0.00000000     0.00000000  -0.09666491
  0.00000000   0.09666491     0.00000000  -0.09666491    -0.15282827  -0.00000000
    2    1
 -0.13690487  -0.00000000    -0.09581436   0.00000000     0.00000000  -0.09666491
 -0.09581436   0.00000000    -0.13690487  -0.00000000     0.00000000   0.09666491
  0.00000000  -0.09666491     0.00000000   0.09666491    -0.15282827  -0.00000000
    2    2
  0.28476204   0.00000000    -0.01367203   0.00000000     0.00000000   0.00797175
 -0.01367203   0.00000000     0.28476204   0.00000000     0.00000000  -0.00797175
  0.00000000  -0.00797175     0.00000000   0.00797175     0.30101156   0.00000000

     Dynamical  Matrix in cartesian axes

     q = (   -0.500000000  -0.500000000   0.000000000 ) 

    1    1
  0.28476204   0.00000000     0.01367203   0.00000000     0.00000000  -0.00797175
  0.01367203   0.00000000     0.28476204   0.00000000     0.00000000  -0.00797175
  0.00000000   0.00797175     0.00000000   0.00797175     0.30101156   0.00000000
    1    2
 -0.00000000  -0.13690487     0.00000000   0.09581436    -0.09666491   0.00000000
  0.00000000   0.09581436     0.00000000  -0.13690487    -0.09666491   0.00000000
 -0.09666491  -0.00000000    -0.09666491  -0.00000000     0.00000000  -0.15282827
    2    1
 -0.00000000   0.13690487     0.00000000  -0.09581436    -0.09666491   0.00000000
  0.00000000  -0.09581436     0.00000000   0.13690487    -0.09666491   0.00000000
 -0.09666491   0.00000000    -0.09666491   0.00000000     0.00000000   0.15282827
    2    2
  0.28476204   0.00000000     0.01367203   0.00000000     0.00000000   0.00797175
  0.01367203   0.00000000     0.28476204   0.00000000     0.00000000   0.00797175
  0.00000000  -0.00797175     0.00000000  -0.00797175     0.30101156   0.00000000

     Dynamical  Matrix in cartesian axes

     q = (    0.000000000  -0.500000000   0.500000000 ) 

    1    1
  0.30101156   0.00000000     0.00000000  -0.00797175     0.00000000   0.00797175
  0.00000000   0.00797175     0.28476204   0.00000000    -0.01367203   0.00000000
  0.00000000  -0.00797175    -0.01367203   0.00000000     0.28476204   0.00000000
    1    2
 -0.15282827   0.00000000     0.00000000  -0.09666491     0.00000000   0.09666491
  0.00000000  -0.09666491    -0.13690487   0.00000000    -0.09581436   0.00000000
  0.00000000   0.09666491    -0.09581436   0.00000000    -0.13690487   0.00000000
    2    1
 -0.15282827   0.00000000     0.00000000   0.09666491     0.00000000  -0.09666491
  0.00000000   0.09666491    -0.13690487   0.00000000    -0.09581436   0.00000000
  0.00000000  -0.09666491    -0.09581436   0.00000000    -0.13690487   0.00000000
    2    2
  0.30101156   0.00000000     0.00000000   0.00797175     0.00000000  -0.00797175
  0.00000000  -0.00797175     0.28476204   0.00000000    -0.01367203   0.00000000
  0.00000000   0.00797175    -0.01367203   0.00000000     0.28476204   0.00000000

     Diagonalizing the dynamical matrix

     q = (    0.500000000   0.000000000   0.500000000 ) 

 **************************************************************************
     freq (    1) =       4.027777 [THz] =     134.352169 [cm-1]
 (  0.000000 -0.500000  0.000000 -0.000000  0.000000  0.500000 ) 
 (  0.500000 -0.000000  0.000000  0.000000 -0.500000  0.000000 ) 
     freq (    2) =       6.033516 [THz] =     201.256418 [cm-1]
 ( -0.000000 -0.221794 -0.633731  0.000000 -0.000000 -0.221794 ) 
 ( -0.221794  0.000000 -0.000000 -0.633731 -0.221794  0.000000 ) 
     freq (    3) =       8.674318 [THz] =     289.344119 [cm-1]
 ( -0.000000 -0.440614  0.334244  0.000000 -0.000000 -0.440614 ) 
 (  0.440614 -0.000000 -0.000000 -0.334244  0.440614  0.000000 ) 
     freq (    4) =      13.030627 [THz] =     434.654939 [cm-1]
 ( -0.000000 -0.448116  0.313664 -0.000000 -0.000000 -0.448116 ) 
 ( -0.448116  0.000000 -0.000000  0.313664 -0.448116  0.000000 ) 
     freq (    5) =      14.594798 [THz] =     486.830070 [cm-1]
 (  0.000000 -0.500000  0.000000 -0.000000  0.000000  0.500000 ) 
 ( -0.500000  0.000000 -0.000000 -0.000000  0.500000  0.000000 ) 
     freq (    6) =      15.014697 [THz] =     500.836394 [cm-1]
 (  0.000000 -0.236346 -0.623122  0.000000 -0.000000 -0.236346 ) 
 (  0.236346 -0.000000  0.000000  0.623122  0.236346  0.000000 ) 
 **************************************************************************
