Dynamical matrix file
Ph                                                                         
  1    2   2  10.1000000   0.0000000   0.0000000   0.0000000   0.0000000   0.0000000
           1  'Si  '    25598.823011949724     
    1    1      0.0000000000      0.0000000000      0.0000000000
    2    1      0.2500000000      0.2500000000      0.2500000000

     Dynamical  Matrix in cartesian axes

     q = (    0.000000000  -1.000000000   0.000000000 ) 

    1    1
  0.25022675   0.00000000     0.00000000   0.00000000     0.00000000   0.00000000
  0.00000000   0.00000000     0.36276503   0.00000000     0.00000000   0.00000000
  0.00000000   0.00000000     0.00000000   0.00000000     0.25022675   0.00000000
    1    2
  0.00000000   0.00000000     0.00000000   0.00000000    -0.22157967   0.00000000
 -0.00000000   0.00000000    -0.00000000   0.00000000     0.00000000   0.00000000
 -0.22157967   0.00000000     0.00000000  -0.00000000    -0.00000000   0.00000000
    2    1
 -0.00000000  -0.00000000     0.00000000   0.00000000    -0.22157967  -0.00000000
 -0.00000000  -0.00000000     0.00000000  -0.00000000    -0.00000000   0.00000000
 -0.22157967  -0.00000000    -0.00000000   0.00000000     0.00000000  -0.00000000
    2    2
  0.25022675   0.00000000    -0.00000000   0.00000000     0.00000000   0.00000000
 -0.00000000   0.00000000     0.36276503   0.00000000     0.00000000   0.00000000
  0.00000000   0.00000000     0.00000000   0.00000000     0.25022675   0.00000000

     Dynamical  Matrix in cartesian axes

     q = (   -1.000000000   0.000000000   0.000000000 ) 

    1    1
  0.36276503   0.00000000    -0.00000000   0.00000000    -0.00000000   0.00000000
 -0.00000000   0.00000000     0.25022675   0.00000000    -0.00000000   0.00000000
  0.00000000   0.00000000    -0.00000000   0.00000000     0.25022675   0.00000000
    1    2
 -0.00000000   0.00000000    -0.00000000   0.00000000    -0.00000000  -0.00000000
 -0.00000000  -0.00000000    -0.00000000   0.00000000    -0.22157967   0.00000000
  0.00000000  -0.00000000    -0.22157967   0.00000000     0.00000000   0.00000000
    2    1
 -0.00000000  -0.00000000    -0.00000000  -0.00000000     0.00000000   0.00000000
 -0.00000000   0.00000000    -0.00000000  -0.00000000    -0.22157967  -0.00000000
 -0.00000000   0.00000000    -0.22157967  -0.00000000     0.00000000  -0.00000000
    2    2
  0.36276503   0.00000000    -0.00000000   0.00000000    -0.00000000   0.00000000
 -0.00000000   0.00000000     0.25022675   0.00000000    -0.00000000   0.00000000
 -0.00000000   0.00000000    -0.00000000   0.00000000     0.25022675   0.00000000

     Dynamical  Matrix in cartesian axes

     q = (    0.000000000   0.000000000  -1.000000000 ) 

    1    1
  0.25022675   0.00000000     0.00000000   0.00000000    -0.00000000   0.00000000
  0.00000000   0.00000000     0.25022675   0.00000000    -0.00000000   0.00000000
 -0.00000000   0.00000000     0.00000000   0.00000000     0.36276503   0.00000000
    1    2
  0.00000000   0.00000000    -0.22157967   0.00000000     0.00000000   0.00000000
 -0.22157967   0.00000000     0.00000000   0.00000000    -0.00000000  -0.00000000
  0.00000000  -0.00000000     0.00000000   0.00000000     0.00000000   0.00000000
    2    1
  0.00000000  -0.00000000    -0.22157967  -0.00000000     0.00000000   0.00000000
 -0.22157967  -0.00000000     0.00000000  -0.00000000    -0.00000000   0.00000000
  0.00000000  -0.00000000     0.00000000   0.00000000     0.00000000  -0.00000000
    2    2
  0.25022675   0.00000000     0.00000000   0.00000000    -0.00000000   0.00000000
  0.00000000   0.00000000     0.25022675   0.00000000     0.00000000   0.00000000
 -0.00000000   0.00000000     0.00000000   0.00000000     0.36276503   0.00000000

     Diagonalizing the dynamical matrix

     q = (    0.000000000  -1.000000000   0.000000000 ) 

 **************************************************************************
     freq (    1) =       3.480208 [THz] =     116.087236 [cm-1]
 (  0.520820 -0.000000 -0.000000  0.000000 -0.478274  0.000000 ) 
 ( -0.478274  0.000000 -0.000000  0.000000  0.520820 -0.000000 ) 
     freq (    2) =       3.480208 [THz] =     116.087236 [cm-1]
 ( -0.478274  0.000000 -0.000000  0.000000 -0.520820  0.000000 ) 
 ( -0.520820  0.000000 -0.000000  0.000000 -0.478274  0.000000 ) 
     freq (    3) =      12.384479 [THz] =     413.101756 [cm-1]
 (  0.000000  0.000000 -0.994794  0.000000 -0.000000  0.000000 ) 
 (  0.000000  0.000000  0.101910  0.000000 -0.000000  0.000000 ) 
     freq (    4) =      12.384479 [THz] =     413.101756 [cm-1]
 (  0.000000  0.000000  0.101910  0.000000 -0.000000  0.000000 ) 
 (  0.000000  0.000000  0.994794  0.000000  0.000000  0.000000 ) 
     freq (    5) =      14.123650 [THz] =     471.114268 [cm-1]
 ( -0.587120  0.000000 -0.000000  0.000000  0.394069  0.000000 ) 
 ( -0.394069  0.000000  0.000000  0.000000  0.587120  0.000000 ) 
     freq (    6) =      14.123650 [THz] =     471.114268 [cm-1]
 ( -0.394069  0.000000 -0.000000  0.000000 -0.587120  0.000000 ) 
 (  0.587120  0.000000 -0.000000  0.000000  0.394069  0.000000 ) 
 **************************************************************************
