Dynamical matrix file
Ph                                                                         
  1    2  2 10.1000000  0.0000000  0.0000000  0.0000000  0.0000000  0.0000000
           1  'Si  '    25598.822984527003     
    1    1      0.0000000000      0.0000000000      0.0000000000
    2    1      0.2500000000      0.2500000000      0.2500000000

     Dynamical  Matrix in cartesian axes

     q = (   -0.500000000  -1.000000000   0.000000000 ) 

    1    1
  0.25725069  0.00000000   -0.00000000  0.00000000    0.00000000  0.00000000
 -0.00000000  0.00000000    0.29708951  0.00000000   -0.00000000 -0.01823626
  0.00000000 -0.00000000   -0.00000000  0.01823626    0.29708951 -0.00000000
    1    2
  0.00000000 -0.00000000   -0.09562251  0.09562251   -0.09562251 -0.09562251
 -0.09562251  0.09562251   -0.00000000 -0.00000000    0.00000000  0.00000000
 -0.09562251 -0.09562251    0.00000000  0.00000000   -0.00000000 -0.00000000
    2    1
  0.00000000  0.00000000   -0.09562251 -0.09562251   -0.09562251  0.09562251
 -0.09562251 -0.09562251   -0.00000000  0.00000000    0.00000000  0.00000000
 -0.09562251  0.09562251   -0.00000000  0.00000000    0.00000000  0.00000000
    2    2
  0.25725069  0.00000000   -0.00000000  0.00000000    0.00000000 -0.00000000
 -0.00000000  0.00000000    0.29708951  0.00000000   -0.00000000  0.01823626
  0.00000000  0.00000000   -0.00000000 -0.01823626    0.29708951 -0.00000000

     Dynamical  Matrix in cartesian axes

     q = (    0.000000000   1.000000000   0.500000000 ) 

    1    1
  0.29708951 -0.00000000    0.00000000 -0.01823626    0.00000000 -0.00000000
  0.00000000  0.01823626    0.29708951  0.00000000    0.00000000  0.00000000
  0.00000000  0.00000000    0.00000000 -0.00000000    0.25725069  0.00000000
    1    2
  0.00000000  0.00000000   -0.00000000 -0.00000000   -0.09562251  0.09562251
  0.00000000 -0.00000000   -0.00000000 -0.00000000   -0.09562251 -0.09562251
 -0.09562251  0.09562251   -0.09562251 -0.09562251    0.00000000  0.00000000
    2    1
 -0.00000000 -0.00000000   -0.00000000  0.00000000   -0.09562251 -0.09562251
 -0.00000000  0.00000000   -0.00000000  0.00000000   -0.09562251  0.09562251
 -0.09562251 -0.09562251   -0.09562251  0.09562251    0.00000000 -0.00000000
    2    2
  0.29708951 -0.00000000    0.00000000  0.01823626    0.00000000  0.00000000
  0.00000000 -0.01823626    0.29708951 -0.00000000    0.00000000  0.00000000
  0.00000000 -0.00000000    0.00000000 -0.00000000    0.25725069  0.00000000

     Dynamical  Matrix in cartesian axes

     q = (    0.000000000  -1.000000000  -0.500000000 ) 

    1    1
  0.29708951  0.00000000    0.00000000  0.01823626    0.00000000  0.00000000
  0.00000000 -0.01823626    0.29708951 -0.00000000    0.00000000  0.00000000
  0.00000000  0.00000000    0.00000000  0.00000000    0.25725069  0.00000000
    1    2
  0.00000000 -0.00000000   -0.00000000 -0.00000000   -0.09562251 -0.09562251
  0.00000000 -0.00000000   -0.00000000 -0.00000000   -0.09562251  0.09562251
 -0.09562251 -0.09562251   -0.09562251  0.09562251    0.00000000 -0.00000000
    2    1
  0.00000000 -0.00000000   -0.00000000  0.00000000   -0.09562251  0.09562251
  0.00000000  0.00000000   -0.00000000  0.00000000   -0.09562251 -0.09562251
 -0.09562251  0.09562251   -0.09562251 -0.09562251    0.00000000 -0.00000000
    2    2
  0.29708951  0.00000000    0.00000000 -0.01823626    0.00000000  0.00000000
  0.00000000  0.01823626    0.29708951  0.00000000    0.00000000  0.00000000
  0.00000000  0.00000000    0.00000000 -0.00000000    0.25725069  0.00000000

     Dynamical  Matrix in cartesian axes

     q = (    0.500000000   1.000000000   0.000000000 ) 

    1    1
  0.25725069 -0.00000000    0.00000000  0.00000000    0.00000000  0.00000000
 -0.00000000  0.00000000    0.29708951  0.00000000    0.00000000  0.01823626
  0.00000000 -0.00000000    0.00000000 -0.01823626    0.29708951  0.00000000
    1    2
  0.00000000  0.00000000   -0.09562251 -0.09562251   -0.09562251  0.09562251
 -0.09562251 -0.09562251    0.00000000  0.00000000   -0.00000000  0.00000000
 -0.09562251  0.09562251   -0.00000000  0.00000000    0.00000000  0.00000000
    2    1
  0.00000000 -0.00000000   -0.09562251  0.09562251   -0.09562251 -0.09562251
 -0.09562251  0.09562251    0.00000000 -0.00000000    0.00000000  0.00000000
 -0.09562251 -0.09562251    0.00000000  0.00000000    0.00000000 -0.00000000
    2    2
  0.25725069  0.00000000    0.00000000 -0.00000000    0.00000000  0.00000000
 -0.00000000  0.00000000    0.29708951  0.00000000    0.00000000 -0.01823626
  0.00000000 -0.00000000    0.00000000  0.01823626    0.29708951 -0.00000000

     Dynamical  Matrix in cartesian axes

     q = (   -1.000000000  -0.500000000   0.000000000 ) 

    1    1
  0.29708951  0.00000000    0.00000000  0.00000000    0.00000000 -0.01823626
  0.00000000  0.00000000    0.25725069  0.00000000    0.00000000  0.00000000
 -0.00000000  0.01823626    0.00000000 -0.00000000    0.29708951 -0.00000000
    1    2
  0.00000000 -0.00000000   -0.09562251  0.09562251    0.00000000  0.00000000
 -0.09562251  0.09562251    0.00000000  0.00000000   -0.09562251 -0.09562251
  0.00000000 -0.00000000   -0.09562251 -0.09562251    0.00000000  0.00000000
    2    1
  0.00000000 -0.00000000   -0.09562251 -0.09562251    0.00000000  0.00000000
 -0.09562251 -0.09562251    0.00000000 -0.00000000   -0.09562251  0.09562251
  0.00000000  0.00000000   -0.09562251  0.09562251    0.00000000  0.00000000
    2    2
  0.29708951 -0.00000000    0.00000000 -0.00000000    0.00000000  0.01823626
  0.00000000  0.00000000    0.25725069  0.00000000    0.00000000  0.00000000
 -0.00000000 -0.01823626    0.00000000 -0.00000000    0.29708951 -0.00000000

     Dynamical  Matrix in cartesian axes

     q = (    0.000000000  -0.500000000  -1.000000000 ) 

    1    1
  0.29708951  0.00000000    0.00000000  0.00000000    0.00000000  0.01823626
  0.00000000  0.00000000    0.25725069 -0.00000000    0.00000000  0.00000000
  0.00000000 -0.01823626    0.00000000  0.00000000    0.29708951 -0.00000000
    1    2
 -0.00000000  0.00000000   -0.09562251 -0.09562251   -0.00000000  0.00000000
 -0.09562251 -0.09562251   -0.00000000  0.00000000   -0.09562251  0.09562251
 -0.00000000  0.00000000   -0.09562251  0.09562251   -0.00000000  0.00000000
    2    1
 -0.00000000 -0.00000000   -0.09562251  0.09562251   -0.00000000 -0.00000000
 -0.09562251  0.09562251   -0.00000000 -0.00000000   -0.09562251 -0.09562251
 -0.00000000  0.00000000   -0.09562251 -0.09562251   -0.00000000  0.00000000
    2    2
  0.29708951 -0.00000000    0.00000000  0.00000000    0.00000000 -0.01823626
  0.00000000  0.00000000    0.25725069  0.00000000    0.00000000  0.00000000
  0.00000000  0.01823626    0.00000000 -0.00000000    0.29708951 -0.00000000

     Diagonalizing the dynamical matrix

     q = (   -0.500000000  -1.000000000   0.000000000 ) 

 **************************************************************************
     freq (    1) =       6.265548 [THz] =     208.996199 [cm-1]
 (  0.197362  0.197362 -0.259102  0.341400 -0.341400 -0.259102 ) 
 ( -0.698561  0.095736  0.000000  0.169658  0.169658 -0.000000 ) 
     freq (    2) =       6.265548 [THz] =     208.996199 [cm-1]
 ( -0.498575 -0.498575 -0.102566  0.135144 -0.135144 -0.102566 ) 
 ( -0.276528  0.037898  0.000000 -0.428588 -0.428588  0.000000 ) 
     freq (    3) =      10.858076 [THz] =     362.186442 [cm-1]
 ( -0.000000 -0.000000  0.700159 -0.017210 -0.017210 -0.700159 ) 
 (  0.000000  0.000000  0.000000 -0.097369  0.097369  0.000000 ) 
     freq (    4) =      10.858076 [THz] =     362.186442 [cm-1]
 ( -0.000000 -0.000000 -0.097340  0.002393  0.002393  0.097340 ) 
 (  0.000000 -0.000000 -0.000000 -0.700371  0.700371  0.000000 ) 
     freq (    5) =      14.241682 [THz] =     475.051365 [cm-1]
 ( -0.000000 -0.000000  0.513583  0.154145 -0.154145  0.513583 ) 
 ( -0.308983 -0.573997  0.000000  0.000000  0.000000  0.000000 ) 
     freq (    6) =      14.241682 [THz] =     475.051365 [cm-1]
 ( -0.460946 -0.460946 -0.000000 -0.000000  0.000000 -0.000000 ) 
 (  0.000000  0.000000  0.000000  0.536217  0.536217  0.000000 ) 
 **************************************************************************
