Dynamical matrix file
graphene for phonons                                                       
  1    2  4  4.6074235  0.0000000  3.0000000  0.0000000  0.0000000  0.0000000
           1  'C   '    10947.083358978085     
    1    1      0.5000000000      0.2886800000      0.0000000000
    2    1      0.5000000000     -0.2886800000      0.0000000000

     Dynamical  Matrix in cartesian axes

     q = (    0.000000000   0.000000000   0.000000000 ) 

    1    1
  1.03869873  0.00000000    0.00000000  0.00000000    0.00000000  0.00000000
  0.00000000  0.00000000    1.03869873  0.00000000    0.00000000  0.00000000
  0.00000000  0.00000000    0.00000000  0.00000000    0.38384023  0.00000000
    1    2
 -1.03512710  0.00000000   -0.00000000  0.00000000    0.00000000  0.00000000
  0.00000000  0.00000000   -1.03512710  0.00000000    0.00000000  0.00000000
  0.00000000  0.00000000    0.00000000  0.00000000   -0.38389541  0.00000000
    2    1
 -1.03512710  0.00000000   -0.00000000  0.00000000    0.00000000  0.00000000
  0.00000000  0.00000000   -1.03512710  0.00000000    0.00000000  0.00000000
 -0.00000000  0.00000000    0.00000000  0.00000000   -0.38389541  0.00000000
    2    2
  1.03869873  0.00000000    0.00000000  0.00000000    0.00000000  0.00000000
  0.00000000  0.00000000    1.03869873  0.00000000    0.00000000  0.00000000
  0.00000000  0.00000000    0.00000000  0.00000000    0.38384023  0.00000000

     Diagonalizing the dynamical matrix

     q = (    0.000000000   0.000000000   0.000000000 ) 

 **************************************************************************
     freq (    1) =      -0.233585 [THz] =      -7.791566 [cm-1]
 (  0.000000  0.000000  0.000000  0.000000 -0.707107  0.000000 ) 
 ( -0.000000  0.000000  0.000000  0.000000 -0.707107  0.000000 ) 
     freq (    2) =       1.879139 [THz] =      62.681334 [cm-1]
 (  0.527310  0.000000  0.471110  0.000000  0.000000  0.000000 ) 
 (  0.527310  0.000000  0.471110  0.000000  0.000000  0.000000 ) 
     freq (    3) =       1.879139 [THz] =      62.681334 [cm-1]
 (  0.471110  0.000000 -0.527310  0.000000 -0.000000  0.000000 ) 
 (  0.471110  0.000000 -0.527310  0.000000  0.000000  0.000000 ) 
     freq (    4) =      27.550639 [THz] =     918.990391 [cm-1]
 (  0.000000  0.000000  0.000000  0.000000 -0.707107  0.000000 ) 
 ( -0.000000  0.000000  0.000000  0.000000  0.707107  0.000000 ) 
     freq (    5) =      45.280578 [THz] =    1510.397508 [cm-1]
 (  0.001502  0.000000 -0.707105  0.000000  0.000000  0.000000 ) 
 ( -0.001502  0.000000  0.707105 -0.000000  0.000000  0.000000 ) 
     freq (    6) =      45.280578 [THz] =    1510.397508 [cm-1]
 ( -0.707105  0.000000 -0.001502  0.000000  0.000000  0.000000 ) 
 (  0.707105 -0.000000  0.001502  0.000000  0.000000  0.000000 ) 
 **************************************************************************
