Dynamical matrix file
graphene for phonons                                                       
  1    2   4   4.6074235   0.0000000   3.0000000   0.0000000   0.0000000   0.0000000
           1  'C   '    10947.083370705141     
    1    1      0.5000000000      0.2886800000      0.0000000000
    2    1      0.5000000000     -0.2886800000      0.0000000000

     Dynamical  Matrix in cartesian axes

     q = (    0.000000000  -0.577350269   0.000000000 ) 

    1    1
  1.13582202   0.00000000     0.00000000   0.00000000     0.00000000   0.00000000
  0.00000000   0.00000000     1.64934698   0.00000000     0.00000000   0.00000000
  0.00000000   0.00000000     0.00000000   0.00000000     0.23850326   0.00000000
    1    2
  0.74512875   0.00000000     0.00000000   0.00000000     0.00000000   0.00000000
  0.00000000   0.00000000    -0.00953243   0.00000000     0.00000000   0.00000000
  0.00000000   0.00000000     0.00000000   0.00000000     0.10470949   0.00000000
    2    1
  0.74512875   0.00000000     0.00000000   0.00000000     0.00000000   0.00000000
  0.00000000   0.00000000    -0.00953243   0.00000000     0.00000000   0.00000000
  0.00000000   0.00000000     0.00000000   0.00000000     0.10470949   0.00000000
    2    2
  1.13582202   0.00000000     0.00000000   0.00000000    -0.00000000   0.00000000
  0.00000000   0.00000000     1.64934698   0.00000000    -0.00000000   0.00000000
 -0.00000000   0.00000000    -0.00000000   0.00000000     0.23850326   0.00000000

     Dynamical  Matrix in cartesian axes

     q = (    0.500000000   0.288675135   0.000000000 ) 

    1    1
  1.52096574   0.00000000     0.22236283   0.00000000     0.00000000   0.00000000
  0.22236283   0.00000000     1.26420326   0.00000000     0.00000000   0.00000000
  0.00000000   0.00000000     0.00000000   0.00000000     0.23850326   0.00000000
    1    2
 -0.17913287  -0.00000948     0.32677788   0.00001730     0.00000000   0.00000000
  0.32677788   0.00001730    -0.55646346  -0.00002946     0.00000000   0.00000000
  0.00000000   0.00000000     0.00000000   0.00000000    -0.10470949  -0.00000554
    2    1
 -0.17913287   0.00000948     0.32677788  -0.00001730     0.00000000   0.00000000
  0.32677788  -0.00001730    -0.55646346   0.00002946     0.00000000   0.00000000
  0.00000000   0.00000000     0.00000000   0.00000000    -0.10470949   0.00000554
    2    2
  1.52096574   0.00000000     0.22236283   0.00000000     0.00000000   0.00000000
  0.22236283   0.00000000     1.26420326   0.00000000    -0.00000000   0.00000000
 -0.00000000   0.00000000    -0.00000000   0.00000000     0.23850326   0.00000000

     Dynamical  Matrix in cartesian axes

     q = (   -0.500000000   0.288675135   0.000000000 ) 

    1    1
  1.52096574   0.00000000    -0.22236283   0.00000000     0.00000000   0.00000000
 -0.22236283   0.00000000     1.26420326   0.00000000     0.00000000   0.00000000
  0.00000000   0.00000000     0.00000000   0.00000000     0.23850326   0.00000000
    1    2
 -0.17913287  -0.00000948    -0.32677788  -0.00001730     0.00000000   0.00000000
 -0.32677788  -0.00001730    -0.55646346  -0.00002946     0.00000000   0.00000000
  0.00000000   0.00000000     0.00000000   0.00000000    -0.10470949  -0.00000554
    2    1
 -0.17913287   0.00000948    -0.32677788   0.00001730     0.00000000   0.00000000
 -0.32677788   0.00001730    -0.55646346   0.00002946     0.00000000   0.00000000
  0.00000000   0.00000000     0.00000000   0.00000000    -0.10470949   0.00000554
    2    2
  1.52096574   0.00000000    -0.22236283   0.00000000     0.00000000   0.00000000
 -0.22236283   0.00000000     1.26420326   0.00000000     0.00000000   0.00000000
  0.00000000   0.00000000    -0.00000000   0.00000000     0.23850326   0.00000000

     Diagonalizing the dynamical matrix

     q = (    0.000000000  -0.577350269   0.000000000 ) 

 **************************************************************************
     freq (    1) =      11.501216 [THz] =     383.639269 [cm-1]
 (  0.000000  0.000000  0.000000  0.000000  0.707107  0.000000 ) 
 ( -0.000000  0.000000  0.000000  0.000000 -0.707107  0.000000 ) 
     freq (    2) =      18.420759 [THz] =     614.450391 [cm-1]
 (  0.000000  0.000000  0.000000  0.000000  0.707107  0.000000 ) 
 ( -0.000000  0.000000  0.000000  0.000000  0.707107  0.000000 ) 
     freq (    3) =      19.653676 [THz] =     655.576052 [cm-1]
 (  0.707107 -0.000000  0.000000 -0.000000 -0.000000  0.000000 ) 
 ( -0.707107  0.000000 -0.000000  0.000000  0.000000  0.000000 ) 
     freq (    4) =      40.264582 [THz] =    1343.081872 [cm-1]
 ( -0.000000  0.000000  0.707107  0.000000 -0.000000  0.000000 ) 
 ( -0.000000  0.000000  0.707107  0.000000  0.000000  0.000000 ) 
     freq (    5) =      40.497968 [THz] =    1350.866799 [cm-1]
 ( -0.000000  0.000000  0.707107  0.000000  0.000000  0.000000 ) 
 ( -0.000000  0.000000 -0.707107  0.000000  0.000000  0.000000 ) 
     freq (    6) =      43.123553 [THz] =    1438.446899 [cm-1]
 ( -0.707107  0.000000 -0.000000  0.000000 -0.000000  0.000000 ) 
 ( -0.707107  0.000000  0.000000  0.000000  0.000000  0.000000 ) 
 **************************************************************************
