        1        2        4       4.6074235000000003       0.0000000000000000       3.0000000000000000       0.0000000000000000       0.0000000000000000       0.0000000000000000
        1  'C  '   10947.0833707051406236
        1        1       0.5000000000000000       0.2886800000000000       0.0000000000000000
        2        1       0.5000000000000000      -0.2886800000000000       0.0000000000000000
     F
        2        2        1
        1        1           1        1
        9
  -1  -1   0   -1.206853375000000E-02
  -1   0   0   -1.083544637500000E-01
   0  -1   0   -1.206853375000000E-02
   0   0   0    1.304256812500000E+00
   0   1   0   -1.206853375000000E-02
   1   0   0   -1.083544637500000E-01
   1   1   0   -1.206853375000000E-02
  -1  -2   0    0.000000000000000E+00
   1   2   0    0.000000000000000E+00
        1        2           1        1
        9
  -1  -1   0   -5.559070750000000E-02
  -1   0   0    0.000000000000000E+00
   0  -1   0    5.559070750000000E-02
   0   0   0    0.000000000000000E+00
   0   1   0    5.559070750000000E-02
   1   0   0    0.000000000000000E+00
   1   1   0   -5.559070750000000E-02
  -1  -2   0    0.000000000000000E+00
   1   2   0    0.000000000000000E+00
        1        3           1        1
        9
  -1  -1   0    0.000000000000000E+00
  -1   0   0    0.000000000000000E+00
   0  -1   0    0.000000000000000E+00
   0   0   0    0.000000000000000E+00
   0   1   0    0.000000000000000E+00
   1   0   0    0.000000000000000E+00
   1   1   0    0.000000000000000E+00
  -1  -2   0    0.000000000000000E+00
   1   2   0    0.000000000000000E+00
        2        1           1        1
        9
  -1  -1   0   -5.559070750000000E-02
  -1   0   0    0.000000000000000E+00
   0  -1   0    5.559070750000000E-02
   0   0   0    0.000000000000000E+00
   0   1   0    5.559070750000000E-02
   1   0   0    0.000000000000000E+00
   1   1   0   -5.559070750000000E-02
  -1  -2   0    0.000000000000000E+00
   1   2   0    0.000000000000000E+00
        2        2           1        1
        9
  -1  -1   0   -7.625915375000000E-02
  -1   0   0    2.002677625000004E-02
   0  -1   0   -7.625915375000000E-02
   0   0   0    1.304256812500000E+00
   0   1   0   -7.625915375000000E-02
   1   0   0    2.002677625000004E-02
   1   1   0   -7.625915375000000E-02
  -1  -2   0    0.000000000000000E+00
   1   2   0    0.000000000000000E+00
        2        3           1        1
        9
  -1  -1   0    0.000000000000000E+00
  -1   0   0    0.000000000000000E+00
   0  -1   0    0.000000000000000E+00
   0   0   0    0.000000000000000E+00
   0   1   0    0.000000000000000E+00
   1   0   0    0.000000000000000E+00
   1   1   0    0.000000000000000E+00
  -1  -2   0    0.000000000000000E+00
   1   2   0    0.000000000000000E+00
        3        1           1        1
        9
  -1  -1   0    0.000000000000000E+00
  -1   0   0    0.000000000000000E+00
   0  -1   0    0.000000000000000E+00
   0   0   0    0.000000000000000E+00
   0   1   0    0.000000000000000E+00
   1   0   0    0.000000000000000E+00
   1   1   0    0.000000000000000E+00
  -1  -2   0    0.000000000000000E+00
   1   2   0    0.000000000000000E+00
        3        2           1        1
        9
  -1  -1   0    0.000000000000000E+00
  -1   0   0    0.000000000000000E+00
   0  -1   0    0.000000000000000E+00
   0   0   0    0.000000000000000E+00
   0   1   0    0.000000000000000E+00
   1   0   0    0.000000000000000E+00
   1   1   0    0.000000000000000E+00
  -1  -2   0    0.000000000000000E+00
   1   2   0    0.000000000000000E+00
        3        3           1        1
        9
  -1  -1   0    1.816711250000000E-02
  -1   0   0    1.816711250000000E-02
   0  -1   0    1.816711250000000E-02
   0   0   0    2.748374850000000E-01
   0   1   0    1.816711250000000E-02
   1   0   0    1.816711250000000E-02
   1   1   0    1.816711250000000E-02
  -1  -2   0    0.000000000000000E+00
   1   2   0    0.000000000000000E+00
        1        1           1        2
        9
  -1  -1   0   -4.452063675000000E-01
  -1   0   0    0.000000000000000E+00
   0  -1   0   -4.452063675000000E-01
   0   0   0   -1.622084275000000E-01
   0   1   0    0.000000000000000E+00
   1   0   0    0.000000000000000E+00
   1   1   0    0.000000000000000E+00
  -1  -2   0    1.692444250002090E-02
   1   2   0    0.000000000000000E+00
        1        2           1        2
        9
  -1  -1   0   -1.633889400000191E-01
  -1   0   0    0.000000000000000E+00
   0  -1   0    1.633889400000191E-01
   0   0   0    0.000000000000000E+00
   0   1   0    0.000000000000000E+00
   1   0   0    0.000000000000000E+00
   1   1   0    0.000000000000000E+00
  -1  -2   0    0.000000000000000E+00
   1   2   0    0.000000000000000E+00
        1        3           1        2
        9
  -1  -1   0    0.000000000000000E+00
  -1   0   0    0.000000000000000E+00
   0  -1   0    0.000000000000000E+00
   0   0   0    0.000000000000000E+00
   0   1   0    0.000000000000000E+00
   1   0   0    0.000000000000000E+00
   1   1   0    0.000000000000000E+00
  -1  -2   0    0.000000000000000E+00
   1   2   0    0.000000000000000E+00
        2        1           1        2
        9
  -1  -1   0   -1.633889400000191E-01
  -1   0   0    0.000000000000000E+00
   0  -1   0    1.633889400000191E-01
   0   0   0    0.000000000000000E+00
   0   1   0    0.000000000000000E+00
   1   0   0    0.000000000000000E+00
   1   1   0    0.000000000000000E+00
  -1  -2   0    0.000000000000000E+00
   1   2   0    0.000000000000000E+00
        2        2           1        2
        9
  -1  -1   0   -2.565410725000000E-01
  -1   0   0    0.000000000000000E+00
   0  -1   0   -2.565410725000000E-01
   0   0   0   -5.395390175000000E-01
   0   1   0    0.000000000000000E+00
   1   0   0    0.000000000000000E+00
   1   1   0    0.000000000000000E+00
  -1  -2   0    1.692444250006497E-02
   1   2   0    0.000000000000000E+00
        2        3           1        2
        9
  -1  -1   0    0.000000000000000E+00
  -1   0   0    0.000000000000000E+00
   0  -1   0    0.000000000000000E+00
   0   0   0    0.000000000000000E+00
   0   1   0    0.000000000000000E+00
   1   0   0    0.000000000000000E+00
   1   1   0    0.000000000000000E+00
  -1  -2   0    0.000000000000000E+00
   1   2   0    0.000000000000000E+00
        3        1           1        2
        9
  -1  -1   0    0.000000000000000E+00
  -1   0   0    0.000000000000000E+00
   0  -1   0    0.000000000000000E+00
   0   0   0    0.000000000000000E+00
   0   1   0    0.000000000000000E+00
   1   0   0    0.000000000000000E+00
   1   1   0    0.000000000000000E+00
  -1  -2   0    0.000000000000000E+00
   1   2   0    0.000000000000000E+00
        3        2           1        2
        9
  -1  -1   0    0.000000000000000E+00
  -1   0   0    0.000000000000000E+00
   0  -1   0    0.000000000000000E+00
   0   0   0    0.000000000000000E+00
   0   1   0    0.000000000000000E+00
   1   0   0    0.000000000000000E+00
   1   1   0    0.000000000000000E+00
  -1  -2   0    0.000000000000000E+00
   1   2   0    0.000000000000000E+00
        3        3           1        2
        9
  -1  -1   0   -1.221517875000000E-01
  -1   0   0    0.000000000000000E+00
   0  -1   0   -1.221517875000000E-01
   0   0   0   -1.221517875000000E-01
   0   1   0    0.000000000000000E+00
   1   0   0    0.000000000000000E+00
   1   1   0    0.000000000000000E+00
  -1  -2   0   -1.744229749998777E-02
   1   2   0    0.000000000000000E+00
        1        1           2        1
        9
  -1  -1   0    0.000000000000000E+00
  -1   0   0    0.000000000000000E+00
   0  -1   0    0.000000000000000E+00
   0   0   0   -1.622084275000000E-01
   0   1   0   -4.452063675000000E-01
   1   0   0    0.000000000000000E+00
   1   1   0   -4.452063675000000E-01
  -1  -2   0    0.000000000000000E+00
   1   2   0    1.692444250002090E-02
        1        2           2        1
        9
  -1  -1   0    0.000000000000000E+00
  -1   0   0    0.000000000000000E+00
   0  -1   0    0.000000000000000E+00
   0   0   0    0.000000000000000E+00
   0   1   0    1.633889400000191E-01
   1   0   0    0.000000000000000E+00
   1   1   0   -1.633889400000191E-01
  -1  -2   0    0.000000000000000E+00
   1   2   0    0.000000000000000E+00
        1        3           2        1
        9
  -1  -1   0    0.000000000000000E+00
  -1   0   0    0.000000000000000E+00
   0  -1   0    0.000000000000000E+00
   0   0   0    0.000000000000000E+00
   0   1   0    0.000000000000000E+00
   1   0   0    0.000000000000000E+00
   1   1   0    0.000000000000000E+00
  -1  -2   0    0.000000000000000E+00
   1   2   0    0.000000000000000E+00
        2        1           2        1
        9
  -1  -1   0    0.000000000000000E+00
  -1   0   0    0.000000000000000E+00
   0  -1   0    0.000000000000000E+00
   0   0   0    0.000000000000000E+00
   0   1   0    1.633889400000191E-01
   1   0   0    0.000000000000000E+00
   1   1   0   -1.633889400000191E-01
  -1  -2   0    0.000000000000000E+00
   1   2   0    0.000000000000000E+00
        2        2           2        1
        9
  -1  -1   0    0.000000000000000E+00
  -1   0   0    0.000000000000000E+00
   0  -1   0    0.000000000000000E+00
   0   0   0   -5.395390175000000E-01
   0   1   0   -2.565410725000000E-01
   1   0   0    0.000000000000000E+00
   1   1   0   -2.565410725000000E-01
  -1  -2   0    0.000000000000000E+00
   1   2   0    1.692444250006497E-02
        2        3           2        1
        9
  -1  -1   0    0.000000000000000E+00
  -1   0   0    0.000000000000000E+00
   0  -1   0    0.000000000000000E+00
   0   0   0    0.000000000000000E+00
   0   1   0    0.000000000000000E+00
   1   0   0    0.000000000000000E+00
   1   1   0    0.000000000000000E+00
  -1  -2   0    0.000000000000000E+00
   1   2   0    0.000000000000000E+00
        3        1           2        1
        9
  -1  -1   0    0.000000000000000E+00
  -1   0   0    0.000000000000000E+00
   0  -1   0    0.000000000000000E+00
   0   0   0    0.000000000000000E+00
   0   1   0    0.000000000000000E+00
   1   0   0    0.000000000000000E+00
   1   1   0    0.000000000000000E+00
  -1  -2   0    0.000000000000000E+00
   1   2   0    0.000000000000000E+00
        3        2           2        1
        9
  -1  -1   0    0.000000000000000E+00
  -1   0   0    0.000000000000000E+00
   0  -1   0    0.000000000000000E+00
   0   0   0    0.000000000000000E+00
   0   1   0    0.000000000000000E+00
   1   0   0    0.000000000000000E+00
   1   1   0    0.000000000000000E+00
  -1  -2   0    0.000000000000000E+00
   1   2   0    0.000000000000000E+00
        3        3           2        1
        9
  -1  -1   0    0.000000000000000E+00
  -1   0   0    0.000000000000000E+00
   0  -1   0    0.000000000000000E+00
   0   0   0   -1.221517875000000E-01
   0   1   0   -1.221517875000000E-01
   1   0   0    0.000000000000000E+00
   1   1   0   -1.221517875000000E-01
  -1  -2   0    0.000000000000000E+00
   1   2   0   -1.744229749998777E-02
        1        1           2        2
        9
  -1  -1   0   -1.206853375000000E-02
  -1   0   0   -1.083544637500000E-01
   0  -1   0   -1.206853375000000E-02
   0   0   0    1.304256812500000E+00
   0   1   0   -1.206853375000000E-02
   1   0   0   -1.083544637500000E-01
   1   1   0   -1.206853375000000E-02
  -1  -2   0    0.000000000000000E+00
   1   2   0    0.000000000000000E+00
        1        2           2        2
        9
  -1  -1   0   -5.559070750000000E-02
  -1   0   0    0.000000000000000E+00
   0  -1   0    5.559070750000000E-02
   0   0   0    0.000000000000000E+00
   0   1   0    5.559070750000000E-02
   1   0   0    0.000000000000000E+00
   1   1   0   -5.559070750000000E-02
  -1  -2   0    0.000000000000000E+00
   1   2   0    0.000000000000000E+00
        1        3           2        2
        9
  -1  -1   0    0.000000000000000E+00
  -1   0   0    0.000000000000000E+00
   0  -1   0    0.000000000000000E+00
   0   0   0    0.000000000000000E+00
   0   1   0    0.000000000000000E+00
   1   0   0    0.000000000000000E+00
   1   1   0    0.000000000000000E+00
  -1  -2   0    0.000000000000000E+00
   1   2   0    0.000000000000000E+00
        2        1           2        2
        9
  -1  -1   0   -5.559070750000000E-02
  -1   0   0    0.000000000000000E+00
   0  -1   0    5.559070750000000E-02
   0   0   0    0.000000000000000E+00
   0   1   0    5.559070750000000E-02
   1   0   0    0.000000000000000E+00
   1   1   0   -5.559070750000000E-02
  -1  -2   0    0.000000000000000E+00
   1   2   0    0.000000000000000E+00
        2        2           2        2
        9
  -1  -1   0   -7.625915375000000E-02
  -1   0   0    2.002677625000004E-02
   0  -1   0   -7.625915375000000E-02
   0   0   0    1.304256812500000E+00
   0   1   0   -7.625915375000000E-02
   1   0   0    2.002677625000004E-02
   1   1   0   -7.625915375000000E-02
  -1  -2   0    0.000000000000000E+00
   1   2   0    0.000000000000000E+00
        2        3           2        2
        9
  -1  -1   0    0.000000000000000E+00
  -1   0   0    0.000000000000000E+00
   0  -1   0    0.000000000000000E+00
   0   0   0    0.000000000000000E+00
   0   1   0    0.000000000000000E+00
   1   0   0    0.000000000000000E+00
   1   1   0    0.000000000000000E+00
  -1  -2   0    0.000000000000000E+00
   1   2   0    0.000000000000000E+00
        3        1           2        2
        9
  -1  -1   0    0.000000000000000E+00
  -1   0   0    0.000000000000000E+00
   0  -1   0    0.000000000000000E+00
   0   0   0    0.000000000000000E+00
   0   1   0    0.000000000000000E+00
   1   0   0    0.000000000000000E+00
   1   1   0    0.000000000000000E+00
  -1  -2   0    0.000000000000000E+00
   1   2   0    0.000000000000000E+00
        3        2           2        2
        9
  -1  -1   0    0.000000000000000E+00
  -1   0   0    0.000000000000000E+00
   0  -1   0    0.000000000000000E+00
   0   0   0    0.000000000000000E+00
   0   1   0    0.000000000000000E+00
   1   0   0    0.000000000000000E+00
   1   1   0    0.000000000000000E+00
  -1  -2   0    0.000000000000000E+00
   1   2   0    0.000000000000000E+00
        3        3           2        2
        9
  -1  -1   0    1.816711250000000E-02
  -1   0   0    1.816711250000000E-02
   0  -1   0    1.816711250000000E-02
   0   0   0    2.748374850000000E-01
   0   1   0    1.816711250000000E-02
   1   0   0    1.816711250000000E-02
   1   1   0    1.816711250000000E-02
  -1  -2   0    0.000000000000000E+00
   1   2   0    0.000000000000000E+00
