Dynamical matrix file
Ph                                                                         
  1    2  2 10.1000000  0.0000000  0.0000000  0.0000000  0.0000000  0.0000000
           1  'Si  '    25598.822984527003     
    1    1      0.0000000000      0.0000000000      0.0000000000
    2    1      0.2500000000      0.2500000000      0.2500000000

     Dynamical  Matrix in cartesian axes

     q = (    0.500000000   0.000000000   0.500000000 ) 

    1    1
  0.28476195  0.00000000    0.00000000  0.00797169    0.01367206  0.00000000
  0.00000000 -0.00797169    0.30101129  0.00000000    0.00000000 -0.00797169
  0.01367206  0.00000000    0.00000000  0.00797169    0.28476195  0.00000000
    1    2
 -0.00000000  0.13690490   -0.09666489 -0.00000000    0.00000000 -0.09581433
 -0.09666489  0.00000000   -0.00000000  0.15282828   -0.09666489  0.00000000
  0.00000000 -0.09581433   -0.09666489 -0.00000000    0.00000000  0.13690490
    2    1
 -0.00000000 -0.13690490   -0.09666489  0.00000000    0.00000000  0.09581433
 -0.09666489 -0.00000000   -0.00000000 -0.15282828   -0.09666489 -0.00000000
  0.00000000  0.09581433   -0.09666489  0.00000000   -0.00000000 -0.13690490
    2    2
  0.28476195  0.00000000    0.00000000 -0.00797169    0.01367206  0.00000000
  0.00000000  0.00797169    0.30101129  0.00000000    0.00000000  0.00797169
  0.01367206  0.00000000    0.00000000 -0.00797169    0.28476195  0.00000000

     Dynamical  Matrix in cartesian axes

     q = (   -0.500000000   0.000000000   0.500000000 ) 

    1    1
  0.28476195  0.00000000    0.00000000  0.00797169   -0.01367206  0.00000000
 -0.00000000 -0.00797169    0.30101129  0.00000000    0.00000000  0.00797169
 -0.01367206  0.00000000    0.00000000 -0.00797169    0.28476195  0.00000000
    1    2
 -0.13690490  0.00000000    0.00000000 -0.09666489   -0.09581433  0.00000000
  0.00000000 -0.09666489   -0.15282828  0.00000000    0.00000000  0.09666489
 -0.09581433 -0.00000000    0.00000000  0.09666489   -0.13690490  0.00000000
    2    1
 -0.13690490  0.00000000    0.00000000  0.09666489   -0.09581433  0.00000000
  0.00000000  0.09666489   -0.15282828  0.00000000    0.00000000 -0.09666489
 -0.09581433  0.00000000    0.00000000 -0.09666489   -0.13690490  0.00000000
    2    2
  0.28476195  0.00000000    0.00000000 -0.00797169   -0.01367206  0.00000000
  0.00000000  0.00797169    0.30101129  0.00000000    0.00000000 -0.00797169
 -0.01367206  0.00000000    0.00000000  0.00797169    0.28476195  0.00000000

     Dynamical  Matrix in cartesian axes

     q = (   -0.500000000   0.000000000  -0.500000000 ) 

    1    1
  0.28476195  0.00000000    0.00000000 -0.00797169    0.01367206  0.00000000
  0.00000000  0.00797169    0.30101129  0.00000000    0.00000000  0.00797169
  0.01367206  0.00000000    0.00000000 -0.00797169    0.28476195  0.00000000
    1    2
 -0.00000000 -0.13690490   -0.09666489  0.00000000    0.00000000  0.09581433
 -0.09666489 -0.00000000   -0.00000000 -0.15282828   -0.09666489 -0.00000000
  0.00000000  0.09581433   -0.09666489  0.00000000   -0.00000000 -0.13690490
    2    1
 -0.00000000  0.13690490   -0.09666489 -0.00000000    0.00000000 -0.09581433
 -0.09666489  0.00000000   -0.00000000  0.15282828   -0.09666489  0.00000000
  0.00000000 -0.09581433   -0.09666489 -0.00000000   -0.00000000  0.13690490
    2    2
  0.28476195  0.00000000    0.00000000  0.00797169    0.01367206  0.00000000
  0.00000000 -0.00797169    0.30101129  0.00000000    0.00000000 -0.00797169
  0.01367206  0.00000000    0.00000000  0.00797169    0.28476195  0.00000000

     Dynamical  Matrix in cartesian axes

     q = (    0.500000000   0.000000000  -0.500000000 ) 

    1    1
  0.28476195  0.00000000    0.00000000 -0.00797169   -0.01367206  0.00000000
  0.00000000  0.00797169    0.30101129  0.00000000    0.00000000 -0.00797169
 -0.01367206  0.00000000    0.00000000  0.00797169    0.28476195  0.00000000
    1    2
 -0.13690490 -0.00000000    0.00000000  0.09666489   -0.09581433 -0.00000000
  0.00000000  0.09666489   -0.15282828 -0.00000000    0.00000000 -0.09666489
 -0.09581433  0.00000000    0.00000000 -0.09666489   -0.13690490  0.00000000
    2    1
 -0.13690490  0.00000000    0.00000000 -0.09666489   -0.09581433 -0.00000000
  0.00000000 -0.09666489   -0.15282828  0.00000000    0.00000000  0.09666489
 -0.09581433 -0.00000000    0.00000000  0.09666489   -0.13690490  0.00000000
    2    2
  0.28476195  0.00000000    0.00000000  0.00797169   -0.01367206  0.00000000
  0.00000000 -0.00797169    0.30101129  0.00000000    0.00000000  0.00797169
 -0.01367206  0.00000000    0.00000000 -0.00797169    0.28476195  0.00000000

     Dynamical  Matrix in cartesian axes

     q = (    0.000000000   0.500000000  -0.500000000 ) 

    1    1
  0.30101129  0.00000000    0.00000000  0.00797169    0.00000000 -0.00797169
  0.00000000 -0.00797169    0.28476195  0.00000000   -0.01367206  0.00000000
  0.00000000  0.00797169   -0.01367206  0.00000000    0.28476195  0.00000000
    1    2
 -0.15282828  0.00000000   -0.00000000  0.09666489    0.00000000 -0.09666489
  0.00000000  0.09666489   -0.13690490  0.00000000   -0.09581433 -0.00000000
 -0.00000000 -0.09666489   -0.09581433 -0.00000000   -0.13690490  0.00000000
    2    1
 -0.15282828  0.00000000   -0.00000000 -0.09666489    0.00000000  0.09666489
  0.00000000 -0.09666489   -0.13690490  0.00000000   -0.09581433 -0.00000000
 -0.00000000  0.09666489   -0.09581433 -0.00000000   -0.13690490  0.00000000
    2    2
  0.30101129  0.00000000    0.00000000 -0.00797169    0.00000000  0.00797169
  0.00000000  0.00797169    0.28476195  0.00000000   -0.01367206  0.00000000
  0.00000000 -0.00797169   -0.01367206  0.00000000    0.28476195  0.00000000

     Dynamical  Matrix in cartesian axes

     q = (   -0.500000000   0.500000000   0.000000000 ) 

    1    1
  0.28476195  0.00000000   -0.01367206  0.00000000    0.00000000  0.00797169
 -0.01367206  0.00000000    0.28476195  0.00000000    0.00000000 -0.00797169
  0.00000000 -0.00797169    0.00000000  0.00797169    0.30101129  0.00000000
    1    2
 -0.13690490  0.00000000   -0.09581433 -0.00000000    0.00000000 -0.09666489
 -0.09581433 -0.00000000   -0.13690490  0.00000000    0.00000000  0.09666489
  0.00000000 -0.09666489    0.00000000  0.09666489   -0.15282828  0.00000000
    2    1
 -0.13690490 -0.00000000   -0.09581433 -0.00000000    0.00000000  0.09666489
 -0.09581433  0.00000000   -0.13690490  0.00000000    0.00000000 -0.09666489
  0.00000000  0.09666489    0.00000000 -0.09666489   -0.15282828  0.00000000
    2    2
  0.28476195  0.00000000   -0.01367206  0.00000000    0.00000000 -0.00797169
 -0.01367206  0.00000000    0.28476195  0.00000000    0.00000000  0.00797169
  0.00000000  0.00797169    0.00000000 -0.00797169    0.30101129  0.00000000

     Dynamical  Matrix in cartesian axes

     q = (    0.000000000   0.500000000   0.500000000 ) 

    1    1
  0.30101129  0.00000000    0.00000000 -0.00797169    0.00000000 -0.00797169
  0.00000000  0.00797169    0.28476195  0.00000000    0.01367206  0.00000000
  0.00000000  0.00797169    0.01367206  0.00000000    0.28476195  0.00000000
    1    2
 -0.00000000  0.15282828   -0.09666489  0.00000000   -0.09666489  0.00000000
 -0.09666489  0.00000000   -0.00000000  0.13690490    0.00000000 -0.09581433
 -0.09666489  0.00000000    0.00000000 -0.09581433   -0.00000000  0.13690490
    2    1
 -0.00000000 -0.15282828   -0.09666489  0.00000000   -0.09666489  0.00000000
 -0.09666489  0.00000000   -0.00000000 -0.13690490    0.00000000  0.09581433
 -0.09666489  0.00000000   -0.00000000  0.09581433   -0.00000000 -0.13690490
    2    2
  0.30101129  0.00000000    0.00000000  0.00797169    0.00000000  0.00797169
  0.00000000 -0.00797169    0.28476195  0.00000000    0.01367206  0.00000000
  0.00000000 -0.00797169    0.01367206  0.00000000    0.28476195  0.00000000

     Dynamical  Matrix in cartesian axes

     q = (    0.000000000  -0.500000000  -0.500000000 ) 

    1    1
  0.30101129  0.00000000   -0.00000000  0.00797169    0.00000000  0.00797169
  0.00000000 -0.00797169    0.28476195  0.00000000    0.01367206  0.00000000
  0.00000000 -0.00797169    0.01367206  0.00000000    0.28476195  0.00000000
    1    2
 -0.00000000 -0.15282828   -0.09666489  0.00000000   -0.09666489  0.00000000
 -0.09666489  0.00000000   -0.00000000 -0.13690490    0.00000000  0.09581433
 -0.09666489  0.00000000    0.00000000  0.09581433   -0.00000000 -0.13690490
    2    1
  0.00000000  0.15282828   -0.09666489  0.00000000   -0.09666489  0.00000000
 -0.09666489  0.00000000   -0.00000000  0.13690490    0.00000000 -0.09581433
 -0.09666489  0.00000000    0.00000000 -0.09581433   -0.00000000  0.13690490
    2    2
  0.30101129  0.00000000    0.00000000 -0.00797169    0.00000000 -0.00797169
  0.00000000  0.00797169    0.28476195  0.00000000    0.01367206  0.00000000
  0.00000000  0.00797169    0.01367206  0.00000000    0.28476195  0.00000000

     Dynamical  Matrix in cartesian axes

     q = (    0.500000000   0.500000000   0.000000000 ) 

    1    1
  0.28476195  0.00000000    0.01367206  0.00000000    0.00000000  0.00797169
  0.01367206  0.00000000    0.28476195  0.00000000    0.00000000  0.00797169
  0.00000000 -0.00797169    0.00000000 -0.00797169    0.30101129  0.00000000
    1    2
 -0.00000000  0.13690490    0.00000000 -0.09581433   -0.09666489  0.00000000
  0.00000000 -0.09581433    0.00000000  0.13690490   -0.09666489  0.00000000
 -0.09666489 -0.00000000   -0.09666489 -0.00000000   -0.00000000  0.15282828
    2    1
 -0.00000000 -0.13690490    0.00000000  0.09581433   -0.09666489 -0.00000000
  0.00000000  0.09581433   -0.00000000 -0.13690490   -0.09666489 -0.00000000
 -0.09666489  0.00000000   -0.09666489  0.00000000   -0.00000000 -0.15282828
    2    2
  0.28476195  0.00000000    0.01367206  0.00000000    0.00000000 -0.00797169
  0.01367206  0.00000000    0.28476195  0.00000000    0.00000000 -0.00797169
  0.00000000  0.00797169    0.00000000  0.00797169    0.30101129  0.00000000

     Dynamical  Matrix in cartesian axes

     q = (    0.500000000  -0.500000000   0.000000000 ) 

    1    1
  0.28476195  0.00000000   -0.01367206  0.00000000    0.00000000 -0.00797169
 -0.01367206  0.00000000    0.28476195  0.00000000    0.00000000  0.00797169
  0.00000000  0.00797169    0.00000000 -0.00797169    0.30101129  0.00000000
    1    2
 -0.13690490  0.00000000   -0.09581433 -0.00000000    0.00000000  0.09666489
 -0.09581433 -0.00000000   -0.13690490 -0.00000000    0.00000000 -0.09666489
  0.00000000  0.09666489    0.00000000 -0.09666489   -0.15282828  0.00000000
    2    1
 -0.13690490 -0.00000000   -0.09581433 -0.00000000    0.00000000 -0.09666489
 -0.09581433  0.00000000   -0.13690490  0.00000000    0.00000000  0.09666489
  0.00000000 -0.09666489    0.00000000  0.09666489   -0.15282828  0.00000000
    2    2
  0.28476195  0.00000000   -0.01367206  0.00000000    0.00000000  0.00797169
 -0.01367206  0.00000000    0.28476195  0.00000000    0.00000000 -0.00797169
  0.00000000 -0.00797169    0.00000000  0.00797169    0.30101129  0.00000000

     Dynamical  Matrix in cartesian axes

     q = (   -0.500000000  -0.500000000   0.000000000 ) 

    1    1
  0.28476195  0.00000000    0.01367206  0.00000000    0.00000000 -0.00797169
  0.01367206  0.00000000    0.28476195  0.00000000    0.00000000 -0.00797169
  0.00000000  0.00797169    0.00000000  0.00797169    0.30101129  0.00000000
    1    2
 -0.00000000 -0.13690490    0.00000000  0.09581433   -0.09666489 -0.00000000
  0.00000000  0.09581433   -0.00000000 -0.13690490   -0.09666489 -0.00000000
 -0.09666489  0.00000000   -0.09666489  0.00000000   -0.00000000 -0.15282828
    2    1
  0.00000000  0.13690490    0.00000000 -0.09581433   -0.09666489  0.00000000
  0.00000000 -0.09581433    0.00000000  0.13690490   -0.09666489  0.00000000
 -0.09666489 -0.00000000   -0.09666489 -0.00000000   -0.00000000  0.15282828
    2    2
  0.28476195  0.00000000    0.01367206  0.00000000    0.00000000  0.00797169
  0.01367206  0.00000000    0.28476195  0.00000000    0.00000000  0.00797169
  0.00000000 -0.00797169    0.00000000 -0.00797169    0.30101129  0.00000000

     Dynamical  Matrix in cartesian axes

     q = (    0.000000000  -0.500000000   0.500000000 ) 

    1    1
  0.30101129  0.00000000   -0.00000000 -0.00797169    0.00000000  0.00797169
  0.00000000  0.00797169    0.28476195  0.00000000   -0.01367206  0.00000000
  0.00000000 -0.00797169   -0.01367206  0.00000000    0.28476195  0.00000000
    1    2
 -0.15282828  0.00000000   -0.00000000 -0.09666489    0.00000000  0.09666489
  0.00000000 -0.09666489   -0.13690490  0.00000000   -0.09581433 -0.00000000
 -0.00000000  0.09666489   -0.09581433 -0.00000000   -0.13690490  0.00000000
    2    1
 -0.15282828  0.00000000   -0.00000000  0.09666489    0.00000000 -0.09666489
  0.00000000  0.09666489   -0.13690490  0.00000000   -0.09581433 -0.00000000
 -0.00000000 -0.09666489   -0.09581433 -0.00000000   -0.13690490  0.00000000
    2    2
  0.30101129  0.00000000   -0.00000000  0.00797169    0.00000000 -0.00797169
  0.00000000 -0.00797169    0.28476195  0.00000000   -0.01367206  0.00000000
  0.00000000  0.00797169   -0.01367206  0.00000000    0.28476195  0.00000000

     Diagonalizing the dynamical matrix

     q = (    0.500000000   0.000000000   0.500000000 ) 

 **************************************************************************
     freq (    1) =       4.027770 [THz] =     134.351945 [cm-1]
 (  0.000000  0.500000 -0.000000 -0.000000  0.000000 -0.500000 ) 
 ( -0.500000  0.000000  0.000000 -0.000000  0.500000  0.000000 ) 
     freq (    2) =       6.033506 [THz] =     201.256094 [cm-1]
 ( -0.000000  0.221794  0.633731  0.000000 -0.000000  0.221794 ) 
 (  0.221794  0.000000 -0.000000  0.633731  0.221794  0.000000 ) 
     freq (    3) =       8.674317 [THz] =     289.344082 [cm-1]
 ( -0.000000  0.440614 -0.334244  0.000000 -0.000000  0.440614 ) 
 ( -0.440614  0.000000 -0.000000  0.334244 -0.440614  0.000000 ) 
     freq (    4) =      13.030627 [THz] =     434.654935 [cm-1]
 ( -0.000000  0.448116 -0.313663 -0.000000 -0.000000  0.448116 ) 
 (  0.448116  0.000000  0.000000 -0.313663  0.448116  0.000000 ) 
     freq (    5) =      14.594797 [THz] =     486.830011 [cm-1]
 (  0.000000 -0.500000  0.000000  0.000000 -0.000000  0.500000 ) 
 ( -0.500000 -0.000000  0.000000 -0.000000  0.500000  0.000000 ) 
     freq (    6) =      15.014693 [THz] =     500.836239 [cm-1]
 ( -0.000000  0.236346  0.623122  0.000000 -0.000000  0.236346 ) 
 ( -0.236346 -0.000000  0.000000 -0.623122 -0.236346  0.000000 ) 
 **************************************************************************
