Dynamical matrix file
Ph                                                                         
  1    2  2 10.1000000  0.0000000  0.0000000  0.0000000  0.0000000  0.0000000
           1  'Si  '    25598.822984527003     
    1    1      0.0000000000      0.0000000000      0.0000000000
    2    1      0.2500000000      0.2500000000      0.2500000000

     Dynamical  Matrix in cartesian axes

     q = (    0.000000000  -1.000000000   0.000000000 ) 

    1    1
  0.25022613  0.00000000   -0.00000000  0.00000000   -0.00000000  0.00000000
 -0.00000000  0.00000000    0.36276497  0.00000000    0.00000000  0.00000000
 -0.00000000  0.00000000   -0.00000000  0.00000000    0.25022613  0.00000000
    1    2
 -0.00000000 -0.00000000   -0.00000000  0.00000000   -0.22158013  0.00000000
 -0.00000000  0.00000000   -0.00000000 -0.00000000    0.00000000 -0.00000000
 -0.22158013  0.00000000    0.00000000  0.00000000   -0.00000000 -0.00000000
    2    1
 -0.00000000  0.00000000    0.00000000  0.00000000   -0.22158013 -0.00000000
 -0.00000000 -0.00000000    0.00000000  0.00000000   -0.00000000  0.00000000
 -0.22158013 -0.00000000    0.00000000  0.00000000   -0.00000000  0.00000000
    2    2
  0.25022613  0.00000000    0.00000000  0.00000000   -0.00000000  0.00000000
  0.00000000  0.00000000    0.36276497  0.00000000    0.00000000  0.00000000
 -0.00000000  0.00000000    0.00000000  0.00000000    0.25022613  0.00000000

     Dynamical  Matrix in cartesian axes

     q = (   -1.000000000   0.000000000   0.000000000 ) 

    1    1
  0.36276497  0.00000000    0.00000000  0.00000000    0.00000000  0.00000000
  0.00000000  0.00000000    0.25022613  0.00000000    0.00000000  0.00000000
  0.00000000  0.00000000    0.00000000  0.00000000    0.25022613  0.00000000
    1    2
 -0.00000000 -0.00000000   -0.00000000 -0.00000000    0.00000000 -0.00000000
 -0.00000000 -0.00000000   -0.00000000 -0.00000000   -0.22158013  0.00000000
 -0.00000000 -0.00000000   -0.22158013  0.00000000    0.00000000 -0.00000000
    2    1
 -0.00000000  0.00000000   -0.00000000  0.00000000   -0.00000000  0.00000000
 -0.00000000  0.00000000   -0.00000000  0.00000000   -0.22158013 -0.00000000
  0.00000000  0.00000000   -0.22158013 -0.00000000    0.00000000  0.00000000
    2    2
  0.36276497  0.00000000   -0.00000000  0.00000000   -0.00000000  0.00000000
 -0.00000000  0.00000000    0.25022613  0.00000000    0.00000000  0.00000000
 -0.00000000  0.00000000    0.00000000  0.00000000    0.25022613  0.00000000

     Dynamical  Matrix in cartesian axes

     q = (    0.000000000   0.000000000  -1.000000000 ) 

    1    1
  0.25022613  0.00000000   -0.00000000  0.00000000    0.00000000  0.00000000
 -0.00000000  0.00000000    0.25022613  0.00000000    0.00000000  0.00000000
 -0.00000000  0.00000000    0.00000000  0.00000000    0.36276497  0.00000000
    1    2
 -0.00000000 -0.00000000   -0.22158013  0.00000000   -0.00000000  0.00000000
 -0.22158013  0.00000000   -0.00000000 -0.00000000    0.00000000  0.00000000
 -0.00000000  0.00000000    0.00000000 -0.00000000   -0.00000000 -0.00000000
    2    1
 -0.00000000  0.00000000   -0.22158013 -0.00000000   -0.00000000  0.00000000
 -0.22158013 -0.00000000    0.00000000  0.00000000    0.00000000  0.00000000
 -0.00000000 -0.00000000    0.00000000  0.00000000   -0.00000000  0.00000000
    2    2
  0.25022613  0.00000000   -0.00000000  0.00000000   -0.00000000  0.00000000
 -0.00000000  0.00000000    0.25022613  0.00000000    0.00000000  0.00000000
 -0.00000000  0.00000000    0.00000000  0.00000000    0.36276497  0.00000000

     Diagonalizing the dynamical matrix

     q = (    0.000000000  -1.000000000   0.000000000 ) 

 **************************************************************************
     freq (    1) =       3.480143 [THz] =     116.085076 [cm-1]
 (  0.504150 -0.000000  0.000000 -0.000000 -0.495815  0.000000 ) 
 ( -0.495815  0.000000  0.000000 -0.000000  0.504150 -0.000000 ) 
     freq (    2) =       3.480143 [THz] =     116.085076 [cm-1]
 ( -0.495815  0.000000 -0.000000  0.000000 -0.504150  0.000000 ) 
 ( -0.504150  0.000000  0.000000  0.000000 -0.495815  0.000000 ) 
     freq (    3) =      12.384478 [THz] =     413.101721 [cm-1]
 ( -0.000000  0.000000 -0.745684  0.000000 -0.000000  0.000000 ) 
 (  0.000000 -0.000000 -0.666300  0.000000  0.000000 -0.000000 ) 
     freq (    4) =      12.384478 [THz] =     413.101721 [cm-1]
 (  0.000000  0.000000 -0.666300  0.000000  0.000000  0.000000 ) 
 ( -0.000000  0.000000  0.745684  0.000000  0.000000  0.000000 ) 
     freq (    5) =      14.123648 [THz] =     471.114189 [cm-1]
 ( -0.631786  0.000000  0.000000  0.000000  0.317563  0.000000 ) 
 ( -0.317563  0.000000  0.000000  0.000000  0.631786  0.000000 ) 
     freq (    6) =      14.123648 [THz] =     471.114189 [cm-1]
 (  0.317563  0.000000 -0.000000  0.000000  0.631786  0.000000 ) 
 ( -0.631786  0.000000 -0.000000  0.000000 -0.317563  0.000000 ) 
 **************************************************************************
