Dynamical matrix file
Ph                                                                         
  1    2  2 10.2000000  0.0000000  0.0000000  0.0000000  0.0000000  0.0000000
           1  'Si  '    25598.822984527003     
    1    1      0.0000000000      0.0000000000      0.0000000000
    2    1      0.2500000000      0.2500000000      0.2500000000

     Dynamical  Matrix in cartesian axes

     q = (    0.000000000   0.000000000   0.000000000 ) 

    1    1
  0.28504821  0.00000000    0.00000000  0.00000000    0.00000000  0.00000000
  0.00000000  0.00000000    0.28504821  0.00000000   -0.00000000  0.00000000
  0.00000000  0.00000000   -0.00000000  0.00000000    0.28504821  0.00000000
    1    2
 -0.28500969  0.00000000    0.00000000  0.00000000   -0.00000000  0.00000000
  0.00000000  0.00000000   -0.28500969  0.00000000    0.00000000  0.00000000
 -0.00000000  0.00000000    0.00000000  0.00000000   -0.28500969  0.00000000
    2    1
 -0.28500969  0.00000000    0.00000000  0.00000000   -0.00000000  0.00000000
  0.00000000  0.00000000   -0.28500969  0.00000000    0.00000000  0.00000000
 -0.00000000  0.00000000   -0.00000000  0.00000000   -0.28500969  0.00000000
    2    2
  0.28504821  0.00000000    0.00000000  0.00000000    0.00000000  0.00000000
  0.00000000  0.00000000    0.28504821  0.00000000   -0.00000000  0.00000000
  0.00000000  0.00000000   -0.00000000  0.00000000    0.28504821  0.00000000

     Dielectric Tensor:

         24.590150645817          0.000000000000          0.000000000000
          0.000000000000         24.590150645817         -0.000000000000
          0.000000000000         -0.000000000000         24.590150645817

     Effective Charges E-U: Z_{alpha}{s,beta}

     atom #    1
         -1.227216786090         -0.000000000000          0.000000000000
         -0.000000000000         -1.227216786090         -0.000000000000
          0.000000000000         -0.000000000000         -1.227216786090
     atom #    2
         -1.227216786090          0.000000000000          0.000000000000
          0.000000000000         -1.227216786090         -0.000000000000
          0.000000000000         -0.000000000000         -1.227216786090

     Effective Charges U-E: Z_{s,alpha}{beta}

     atom #    1
     -0.122721644276E+01     -0.222044604925E-14      0.444089209850E-15
     -0.888178419700E-15     -0.122721644276E+01      0.444089209850E-14
     -0.444089209850E-15      0.310862446895E-14     -0.122721644276E+01
     atom #    2
     -0.122721644276E+01      0.444089209850E-15      0.133226762955E-14
      0.444089209850E-15     -0.122721644276E+01      0.444089209850E-15
      0.222044604925E-14      0.133226762955E-14     -0.122721644276E+01

     Diagonalizing the dynamical matrix

     q = (    0.000000000   0.000000000   0.000000000 ) 

 **************************************************************************
     freq (    1) =       0.127633 [THz] =       4.257370 [cm-1]
 (  0.075675 -0.000000  0.316703 -0.000000  0.627672  0.000000 ) 
 (  0.075675 -0.000000  0.316703 -0.000000  0.627672  0.000000 ) 
     freq (    2) =       0.127633 [THz] =       4.257370 [cm-1]
 (  0.677266  0.000000 -0.202227  0.000000  0.020382  0.000000 ) 
 (  0.677266  0.000000 -0.202227  0.000000  0.020382  0.000000 ) 
     freq (    3) =       0.127633 [THz] =       4.257370 [cm-1]
 ( -0.188638  0.000000 -0.599002  0.000000  0.324980 -0.000000 ) 
 ( -0.188638  0.000000 -0.599002  0.000000  0.324980 -0.000000 ) 
     freq (    4) =      15.524747 [THz] =     517.849807 [cm-1]
 ( -0.477372  0.000000  0.398705  0.000000 -0.336378  0.000000 ) 
 (  0.477372  0.000000 -0.398705  0.000000  0.336378  0.000000 ) 
     freq (    5) =      15.524747 [THz] =     517.849807 [cm-1]
 (  0.258175  0.000000 -0.215630  0.000000 -0.621972  0.000000 ) 
 ( -0.258175  0.000000  0.215630  0.000000  0.621972  0.000000 ) 
     freq (    6) =      15.524747 [THz] =     517.849807 [cm-1]
 (  0.453279  0.000000  0.542714  0.000000  0.000000 -0.000000 ) 
 ( -0.453279  0.000000 -0.542714  0.000000 -0.000000  0.000000 ) 
 **************************************************************************
