Dynamical matrix file
Ph                                                                         
  1    2  2 10.2000000  0.0000000  0.0000000  0.0000000  0.0000000  0.0000000
           1  'Si  '    25598.822984527003     
    1    1      0.0000000000      0.0000000000      0.0000000000
    2    1      0.2500000000      0.2500000000      0.2500000000

     Dynamical  Matrix in cartesian axes

     q = (    0.500000000  -0.500000000   0.500000000 ) 

    1    1
  0.28249083  0.00000000   -0.02136820  0.00000000    0.02136820  0.00000000
 -0.02136820  0.00000000    0.28249083  0.00000000   -0.02136820  0.00000000
  0.02136820  0.00000000   -0.02136820  0.00000000    0.28249083  0.00000000
    1    2
 -0.15408347  0.00000000   -0.08484106  0.00000000    0.08484106  0.00000000
 -0.08484106  0.00000000   -0.15408347  0.00000000   -0.08484106  0.00000000
  0.08484106  0.00000000   -0.08484106  0.00000000   -0.15408347  0.00000000
    2    1
 -0.15408347  0.00000000   -0.08484106  0.00000000    0.08484106  0.00000000
 -0.08484106  0.00000000   -0.15408347  0.00000000   -0.08484106  0.00000000
  0.08484106  0.00000000   -0.08484106  0.00000000   -0.15408347  0.00000000
    2    2
  0.28249083  0.00000000   -0.02136820  0.00000000    0.02136820  0.00000000
 -0.02136820  0.00000000    0.28249083  0.00000000   -0.02136820  0.00000000
  0.02136820  0.00000000   -0.02136820  0.00000000    0.28249083  0.00000000

     Dynamical  Matrix in cartesian axes

     q = (    0.500000000   0.500000000   0.500000000 ) 

    1    1
  0.28249083  0.00000000    0.02136820  0.00000000    0.02136820  0.00000000
  0.02136820  0.00000000    0.28249083  0.00000000    0.02136820  0.00000000
  0.02136820  0.00000000    0.02136820  0.00000000    0.28249083  0.00000000
    1    2
  0.15408347  0.00000000   -0.08484106 -0.00000000   -0.08484106 -0.00000000
 -0.08484106 -0.00000000    0.15408347  0.00000000   -0.08484106 -0.00000000
 -0.08484106 -0.00000000   -0.08484106 -0.00000000    0.15408347  0.00000000
    2    1
  0.15408347 -0.00000000   -0.08484106  0.00000000   -0.08484106  0.00000000
 -0.08484106  0.00000000    0.15408347 -0.00000000   -0.08484106  0.00000000
 -0.08484106  0.00000000   -0.08484106  0.00000000    0.15408347 -0.00000000
    2    2
  0.28249083  0.00000000    0.02136820  0.00000000    0.02136820  0.00000000
  0.02136820  0.00000000    0.28249083  0.00000000    0.02136820  0.00000000
  0.02136820  0.00000000    0.02136820  0.00000000    0.28249083  0.00000000

     Dynamical  Matrix in cartesian axes

     q = (   -0.500000000   0.500000000   0.500000000 ) 

    1    1
  0.28249083  0.00000000   -0.02136820  0.00000000   -0.02136820  0.00000000
 -0.02136820  0.00000000    0.28249083  0.00000000    0.02136820  0.00000000
 -0.02136820  0.00000000    0.02136820  0.00000000    0.28249083  0.00000000
    1    2
 -0.15408347  0.00000000   -0.08484106  0.00000000   -0.08484106  0.00000000
 -0.08484106  0.00000000   -0.15408347  0.00000000    0.08484106  0.00000000
 -0.08484106  0.00000000    0.08484106  0.00000000   -0.15408347  0.00000000
    2    1
 -0.15408347  0.00000000   -0.08484106  0.00000000   -0.08484106  0.00000000
 -0.08484106  0.00000000   -0.15408347  0.00000000    0.08484106  0.00000000
 -0.08484106  0.00000000    0.08484106  0.00000000   -0.15408347  0.00000000
    2    2
  0.28249083  0.00000000   -0.02136820  0.00000000   -0.02136820  0.00000000
 -0.02136820  0.00000000    0.28249083  0.00000000    0.02136820  0.00000000
 -0.02136820  0.00000000    0.02136820  0.00000000    0.28249083  0.00000000

     Dynamical  Matrix in cartesian axes

     q = (    0.500000000   0.500000000  -0.500000000 ) 

    1    1
  0.28249083  0.00000000    0.02136820  0.00000000   -0.02136820  0.00000000
  0.02136820  0.00000000    0.28249083  0.00000000   -0.02136820  0.00000000
 -0.02136820  0.00000000   -0.02136820  0.00000000    0.28249083  0.00000000
    1    2
 -0.15408347  0.00000000    0.08484106  0.00000000   -0.08484106  0.00000000
  0.08484106  0.00000000   -0.15408347  0.00000000   -0.08484106  0.00000000
 -0.08484106  0.00000000   -0.08484106  0.00000000   -0.15408347  0.00000000
    2    1
 -0.15408347  0.00000000    0.08484106  0.00000000   -0.08484106  0.00000000
  0.08484106  0.00000000   -0.15408347  0.00000000   -0.08484106  0.00000000
 -0.08484106  0.00000000   -0.08484106  0.00000000   -0.15408347  0.00000000
    2    2
  0.28249083  0.00000000    0.02136820  0.00000000   -0.02136820  0.00000000
  0.02136820  0.00000000    0.28249083  0.00000000   -0.02136820  0.00000000
 -0.02136820  0.00000000   -0.02136820  0.00000000    0.28249083  0.00000000

     Diagonalizing the dynamical matrix

     q = (    0.500000000  -0.500000000   0.500000000 ) 

 **************************************************************************
     freq (    1) =       3.063536 [THz] =     102.188552 [cm-1]
 (  0.509316  0.000000  0.490132  0.000000 -0.019184  0.000000 ) 
 (  0.509316  0.000000  0.490132  0.000000 -0.019184  0.000000 ) 
     freq (    2) =       3.063536 [THz] =     102.188552 [cm-1]
 (  0.271902  0.000000 -0.305129  0.000000 -0.577031  0.000000 ) 
 (  0.271902  0.000000 -0.305129  0.000000 -0.577031  0.000000 ) 
     freq (    3) =      11.441568 [THz] =     381.649638 [cm-1]
 ( -0.408248  0.000000  0.408248 -0.000000 -0.408248  0.000000 ) 
 (  0.408248  0.000000 -0.408248  0.000000  0.408248  0.000000 ) 
     freq (    4) =      12.004148 [THz] =     400.415268 [cm-1]
 (  0.408248  0.000000 -0.408248  0.000000  0.408248  0.000000 ) 
 (  0.408248 -0.000000 -0.408248  0.000000  0.408248 -0.000000 ) 
     freq (    5) =      14.540205 [THz] =     485.009023 [cm-1]
 (  0.329523  0.000000  0.575323  0.000000  0.245800  0.000000 ) 
 ( -0.329523  0.000000 -0.575323  0.000000 -0.245800  0.000000 ) 
     freq (    6) =      14.540205 [THz] =     485.009023 [cm-1]
 (  0.474076  0.000000 -0.048338  0.000000 -0.522413  0.000000 ) 
 ( -0.474076  0.000000  0.048338  0.000000  0.522413  0.000000 ) 
 **************************************************************************
