Dynamical matrix file
Ph                                                                         
  1    2  2 10.2000000  0.0000000  0.0000000  0.0000000  0.0000000  0.0000000
           1  'Si  '    25598.822984527003     
    1    1      0.0000000000      0.0000000000      0.0000000000
    2    1      0.2500000000      0.2500000000      0.2500000000

     Dynamical  Matrix in cartesian axes

     q = (   -0.500000000  -1.000000000   0.000000000 ) 

    1    1
  0.23998455  0.00000000    0.00000000  0.00000000   -0.00000000  0.00000000
  0.00000000  0.00000000    0.27842182  0.00000000    0.00000000 -0.01754061
  0.00000000  0.00000000    0.00000000  0.01754061    0.27842182  0.00000000
    1    2
  0.00000000  0.00000000   -0.08518325  0.08518325   -0.08518325 -0.08518325
 -0.08518325  0.08518325    0.00000000  0.00000000   -0.00000000  0.00000000
 -0.08518325 -0.08518325   -0.00000000  0.00000000    0.00000000  0.00000000
    2    1
  0.00000000  0.00000000   -0.08518325 -0.08518325   -0.08518325  0.08518325
 -0.08518325 -0.08518325    0.00000000  0.00000000    0.00000000  0.00000000
 -0.08518325  0.08518325   -0.00000000  0.00000000    0.00000000  0.00000000
    2    2
  0.23998455  0.00000000    0.00000000  0.00000000   -0.00000000  0.00000000
  0.00000000  0.00000000    0.27842182  0.00000000    0.00000000  0.01754061
 -0.00000000  0.00000000    0.00000000 -0.01754061    0.27842182  0.00000000

     Dynamical  Matrix in cartesian axes

     q = (    0.000000000   1.000000000   0.500000000 ) 

    1    1
  0.27842182  0.00000000    0.00000000 -0.01754061   -0.00000000  0.00000000
 -0.00000000  0.01754061    0.27842182  0.00000000    0.00000000  0.00000000
  0.00000000  0.00000000    0.00000000  0.00000000    0.23998455  0.00000000
    1    2
 -0.00000000 -0.00000000   -0.00000000  0.00000000   -0.08518325  0.08518325
 -0.00000000 -0.00000000   -0.00000000  0.00000000   -0.08518325 -0.08518325
 -0.08518325  0.08518325   -0.08518325 -0.08518325   -0.00000000 -0.00000000
    2    1
 -0.00000000 -0.00000000    0.00000000 -0.00000000   -0.08518325 -0.08518325
 -0.00000000 -0.00000000    0.00000000 -0.00000000   -0.08518325  0.08518325
 -0.08518325 -0.08518325   -0.08518325  0.08518325    0.00000000  0.00000000
    2    2
  0.27842182  0.00000000    0.00000000  0.01754061   -0.00000000  0.00000000
  0.00000000 -0.01754061    0.27842182  0.00000000   -0.00000000  0.00000000
 -0.00000000  0.00000000    0.00000000  0.00000000    0.23998455  0.00000000

     Dynamical  Matrix in cartesian axes

     q = (    0.000000000  -1.000000000  -0.500000000 ) 

    1    1
  0.27842182  0.00000000    0.00000000  0.01754061    0.00000000  0.00000000
  0.00000000 -0.01754061    0.27842182  0.00000000    0.00000000  0.00000000
  0.00000000  0.00000000    0.00000000  0.00000000    0.23998455  0.00000000
    1    2
 -0.00000000 -0.00000000    0.00000000  0.00000000   -0.08518325 -0.08518325
 -0.00000000  0.00000000    0.00000000 -0.00000000   -0.08518325  0.08518325
 -0.08518325 -0.08518325   -0.08518325  0.08518325    0.00000000 -0.00000000
    2    1
  0.00000000 -0.00000000   -0.00000000 -0.00000000   -0.08518325  0.08518325
  0.00000000 -0.00000000   -0.00000000 -0.00000000   -0.08518325 -0.08518325
 -0.08518325  0.08518325   -0.08518325 -0.08518325   -0.00000000 -0.00000000
    2    2
  0.27842182  0.00000000    0.00000000 -0.01754061   -0.00000000  0.00000000
  0.00000000  0.01754061    0.27842182  0.00000000   -0.00000000  0.00000000
  0.00000000  0.00000000    0.00000000  0.00000000    0.23998455  0.00000000

     Dynamical  Matrix in cartesian axes

     q = (    0.500000000   1.000000000   0.000000000 ) 

    1    1
  0.23998455  0.00000000    0.00000000  0.00000000   -0.00000000  0.00000000
  0.00000000  0.00000000    0.27842182  0.00000000    0.00000000  0.01754061
 -0.00000000  0.00000000    0.00000000 -0.01754061    0.27842182  0.00000000
    1    2
  0.00000000  0.00000000   -0.08518325 -0.08518325   -0.08518325  0.08518325
 -0.08518325 -0.08518325    0.00000000  0.00000000   -0.00000000  0.00000000
 -0.08518325  0.08518325   -0.00000000  0.00000000    0.00000000  0.00000000
    2    1
 -0.00000000  0.00000000   -0.08518325  0.08518325   -0.08518325 -0.08518325
 -0.08518325  0.08518325    0.00000000  0.00000000   -0.00000000  0.00000000
 -0.08518325 -0.08518325   -0.00000000  0.00000000    0.00000000  0.00000000
    2    2
  0.23998455  0.00000000    0.00000000  0.00000000   -0.00000000  0.00000000
  0.00000000  0.00000000    0.27842182  0.00000000    0.00000000 -0.01754061
 -0.00000000  0.00000000    0.00000000  0.01754061    0.27842182  0.00000000

     Dynamical  Matrix in cartesian axes

     q = (   -1.000000000  -0.500000000   0.000000000 ) 

    1    1
  0.27842182  0.00000000    0.00000000  0.00000000    0.00000000 -0.01754061
  0.00000000  0.00000000    0.23998455  0.00000000    0.00000000  0.00000000
  0.00000000  0.01754061    0.00000000  0.00000000    0.27842182  0.00000000
    1    2
  0.00000000  0.00000000   -0.08518325  0.08518325    0.00000000 -0.00000000
 -0.08518325  0.08518325    0.00000000  0.00000000   -0.08518325 -0.08518325
  0.00000000  0.00000000   -0.08518325 -0.08518325    0.00000000 -0.00000000
    2    1
  0.00000000  0.00000000   -0.08518325 -0.08518325    0.00000000  0.00000000
 -0.08518325 -0.08518325    0.00000000 -0.00000000   -0.08518325  0.08518325
  0.00000000  0.00000000   -0.08518325  0.08518325    0.00000000  0.00000000
    2    2
  0.27842182  0.00000000    0.00000000  0.00000000    0.00000000  0.01754061
  0.00000000  0.00000000    0.23998455  0.00000000    0.00000000  0.00000000
  0.00000000 -0.01754061    0.00000000  0.00000000    0.27842182  0.00000000

     Dynamical  Matrix in cartesian axes

     q = (    0.000000000  -0.500000000  -1.000000000 ) 

    1    1
  0.27842182  0.00000000   -0.00000000  0.00000000   -0.00000000  0.01754061
  0.00000000  0.00000000    0.23998455  0.00000000   -0.00000000  0.00000000
 -0.00000000 -0.01754061    0.00000000  0.00000000    0.27842182  0.00000000
    1    2
  0.00000000  0.00000000   -0.08518325 -0.08518325    0.00000000  0.00000000
 -0.08518325 -0.08518325    0.00000000 -0.00000000   -0.08518325  0.08518325
  0.00000000  0.00000000   -0.08518325  0.08518325    0.00000000  0.00000000
    2    1
  0.00000000  0.00000000   -0.08518325  0.08518325    0.00000000  0.00000000
 -0.08518325  0.08518325   -0.00000000  0.00000000   -0.08518325 -0.08518325
  0.00000000  0.00000000   -0.08518325 -0.08518325    0.00000000  0.00000000
    2    2
  0.27842182  0.00000000   -0.00000000  0.00000000    0.00000000 -0.01754061
 -0.00000000  0.00000000    0.23998455  0.00000000    0.00000000  0.00000000
  0.00000000  0.01754061   -0.00000000  0.00000000    0.27842182  0.00000000

     Diagonalizing the dynamical matrix

     q = (   -0.500000000  -1.000000000   0.000000000 ) 

 **************************************************************************
     freq (    1) =       6.348401 [THz] =     211.759850 [cm-1]
 ( -0.477894 -0.477894  0.176821  0.116369 -0.116369  0.176821 ) 
 (  0.071194  0.345288 -0.000000 -0.405788 -0.405788  0.000000 ) 
     freq (    2) =       6.348401 [THz] =     211.759850 [cm-1]
 ( -0.249291 -0.249291 -0.338968 -0.223080  0.223080 -0.338968 ) 
 ( -0.136480 -0.661920 -0.000000 -0.211678 -0.211678  0.000000 ) 
     freq (    3) =      10.502349 [THz] =     350.320648 [cm-1]
 (  0.000000 -0.000000  0.633126  0.310726  0.310726 -0.633126 ) 
 ( -0.000000 -0.000000  0.000000  0.051002 -0.051002  0.000000 ) 
     freq (    4) =      10.502349 [THz] =     350.320648 [cm-1]
 ( -0.000000 -0.000000 -0.045785 -0.022470 -0.022470  0.045785 ) 
 (  0.000000  0.000000 -0.000000  0.705265 -0.705265  0.000000 ) 
     freq (    5) =      13.648943 [THz] =     455.279721 [cm-1]
 (  0.404238  0.404238 -0.197238 -0.158067  0.158067 -0.197238 ) 
 (  0.033261  0.301696  0.000000 -0.476068 -0.476068  0.000000 ) 
     freq (    6) =      13.648943 [THz] =     455.279721 [cm-1]
 (  0.214624  0.214624  0.371492  0.297715 -0.297715  0.371492 ) 
 ( -0.062645 -0.568236  0.000000 -0.252761 -0.252761  0.000000 ) 
 **************************************************************************
