Dynamical matrix file
Ph                                                                         
  1    2   2  10.2000000   0.0000000   0.0000000   0.0000000   0.0000000   0.0000000
           1  'Si     '    25598.823011949724     
    1    1      0.0000000000      0.0000000000      0.0000000000
    2    1      0.2500000000      0.2500000000      0.2500000000

     Dynamical  Matrix in cartesian axes

     q = (    0.000000000   0.000000000   0.000000000 ) 

    1    1
  0.28504796   0.00000000     0.00000000   0.00000000     0.00000000   0.00000000
  0.00000000   0.00000000     0.28504796   0.00000000    -0.00000000   0.00000000
  0.00000000   0.00000000    -0.00000000   0.00000000     0.28504796   0.00000000
    1    2
 -0.28500965   0.00000000    -0.00000000   0.00000000    -0.00000000   0.00000000
 -0.00000000   0.00000000    -0.28500965   0.00000000    -0.00000000   0.00000000
  0.00000000   0.00000000     0.00000000   0.00000000    -0.28500965   0.00000000
    2    1
 -0.28500965   0.00000000    -0.00000000   0.00000000     0.00000000   0.00000000
 -0.00000000   0.00000000    -0.28500965   0.00000000     0.00000000   0.00000000
  0.00000000   0.00000000    -0.00000000   0.00000000    -0.28500965   0.00000000
    2    2
  0.28504796   0.00000000     0.00000000   0.00000000     0.00000000   0.00000000
  0.00000000   0.00000000     0.28504796   0.00000000     0.00000000   0.00000000
  0.00000000   0.00000000     0.00000000   0.00000000     0.28504796   0.00000000

     Dielectric Tensor:

         24.590174618952          0.000000000000         -0.000000000000
          0.000000000000         24.590174618952          0.000000000000
         -0.000000000000         -0.000000000000         24.590174618952

     Effective Charges E-U: Z_{alpha}{s,beta}

     atom #    1
         -1.227218742418         -0.000000000000          0.000000000000
         -0.000000000000         -1.227218742418          0.000000000000
         -0.000000000000          0.000000000000         -1.227218742418
     atom #    2
         -1.227218742418         -0.000000000000          0.000000000000
         -0.000000000000         -1.227218742418          0.000000000000
         -0.000000000000          0.000000000000         -1.227218742418

     Effective Charges U-E: Z_{s,alpha}{beta}

     atom #    1
     -0.122721804721E+01      0.000000000000E+00      0.000000000000E+00
      0.000000000000E+00     -0.122721804721E+01      0.000000000000E+00
      0.133226762955E-14      0.444089209850E-15     -0.122721804721E+01
     atom #    2
     -0.122721804721E+01      0.444089209850E-15      0.444089209850E-15
      0.444089209850E-15     -0.122721804721E+01      0.133226762955E-14
      0.444089209850E-15      0.444089209850E-15     -0.122721804721E+01

     Diagonalizing the dynamical matrix

     q = (    0.000000000   0.000000000   0.000000000 ) 

 **************************************************************************
     freq (    1) =       0.127266 [THz] =       4.245148 [cm-1]
 (  0.151265 -0.000000  0.425495 -0.000000  0.544126 -0.000000 ) 
 (  0.151265 -0.000000  0.425495 -0.000000  0.544126 -0.000000 ) 
     freq (    2) =       0.127266 [THz] =       4.245148 [cm-1]
 (  0.675072  0.000000 -0.209024  0.000000 -0.024215  0.000000 ) 
 (  0.675072  0.000000 -0.209024  0.000000 -0.024215  0.000000 ) 
     freq (    3) =       0.127266 [THz] =       4.245148 [cm-1]
 ( -0.146275  0.000000 -0.524655  0.000000  0.450933  0.000000 ) 
 ( -0.146275  0.000000 -0.524655  0.000000  0.450933  0.000000 ) 
     freq (    4) =      15.524743 [THz] =     517.849676 [cm-1]
 ( -0.153724  0.000000 -0.384297  0.000000  0.573311 -0.000000 ) 
 (  0.153724 -0.000000  0.384297  0.000000 -0.573311  0.000000 ) 
     freq (    5) =      15.524743 [THz] =     517.849676 [cm-1]
 ( -0.212928  0.000000 -0.532303  0.000000 -0.413902  0.000000 ) 
 (  0.212928  0.000000  0.532303  0.000000  0.413902  0.000000 ) 
     freq (    6) =      15.524743 [THz] =     517.849676 [cm-1]
 ( -0.656529  0.000000  0.262620  0.000000 -0.000000  0.000000 ) 
 (  0.656529  0.000000 -0.262620  0.000000 -0.000000  0.000000 ) 
 **************************************************************************
