Dynamical matrix file
Ph                                                                         
  1    2   2  10.2000000   0.0000000   0.0000000   0.0000000   0.0000000   0.0000000
           1  'Si     '    25598.823011949724     
    1    1      0.0000000000      0.0000000000      0.0000000000
    2    1      0.2500000000      0.2500000000      0.2500000000

     Dynamical  Matrix in cartesian axes

     q = (    0.500000000  -0.500000000   0.500000000 ) 

    1    1
  0.28249072   0.00000000    -0.02136816   0.00000000     0.02136816   0.00000000
 -0.02136816   0.00000000     0.28249072   0.00000000    -0.02136816   0.00000000
  0.02136816   0.00000000    -0.02136816   0.00000000     0.28249072   0.00000000
    1    2
 -0.15408336   0.00000000    -0.08484100   0.00000000     0.08484100   0.00000000
 -0.08484100   0.00000000    -0.15408336   0.00000000    -0.08484100   0.00000000
  0.08484100   0.00000000    -0.08484100   0.00000000    -0.15408336   0.00000000
    2    1
 -0.15408336   0.00000000    -0.08484100   0.00000000     0.08484100   0.00000000
 -0.08484100   0.00000000    -0.15408336   0.00000000    -0.08484100   0.00000000
  0.08484100   0.00000000    -0.08484100   0.00000000    -0.15408336   0.00000000
    2    2
  0.28249072   0.00000000    -0.02136816   0.00000000     0.02136816   0.00000000
 -0.02136816   0.00000000     0.28249072   0.00000000    -0.02136816   0.00000000
  0.02136816   0.00000000    -0.02136816   0.00000000     0.28249072   0.00000000

     Dynamical  Matrix in cartesian axes

     q = (    0.500000000   0.500000000   0.500000000 ) 

    1    1
  0.28249072   0.00000000     0.02136816   0.00000000     0.02136816   0.00000000
  0.02136816   0.00000000     0.28249072   0.00000000     0.02136816   0.00000000
  0.02136816   0.00000000     0.02136816   0.00000000     0.28249072   0.00000000
    1    2
  0.15408336   0.00000000    -0.08484100  -0.00000000    -0.08484100  -0.00000000
 -0.08484100  -0.00000000     0.15408336   0.00000000    -0.08484100  -0.00000000
 -0.08484100  -0.00000000    -0.08484100  -0.00000000     0.15408336   0.00000000
    2    1
  0.15408336  -0.00000000    -0.08484100   0.00000000    -0.08484100   0.00000000
 -0.08484100   0.00000000     0.15408336  -0.00000000    -0.08484100   0.00000000
 -0.08484100   0.00000000    -0.08484100   0.00000000     0.15408336  -0.00000000
    2    2
  0.28249072   0.00000000     0.02136816   0.00000000     0.02136816   0.00000000
  0.02136816   0.00000000     0.28249072   0.00000000     0.02136816   0.00000000
  0.02136816   0.00000000     0.02136816   0.00000000     0.28249072   0.00000000

     Dynamical  Matrix in cartesian axes

     q = (   -0.500000000   0.500000000   0.500000000 ) 

    1    1
  0.28249072   0.00000000    -0.02136816   0.00000000    -0.02136816   0.00000000
 -0.02136816   0.00000000     0.28249072   0.00000000     0.02136816   0.00000000
 -0.02136816   0.00000000     0.02136816   0.00000000     0.28249072   0.00000000
    1    2
 -0.15408336   0.00000000    -0.08484100   0.00000000    -0.08484100   0.00000000
 -0.08484100   0.00000000    -0.15408336   0.00000000     0.08484100   0.00000000
 -0.08484100   0.00000000     0.08484100   0.00000000    -0.15408336   0.00000000
    2    1
 -0.15408336   0.00000000    -0.08484100   0.00000000    -0.08484100   0.00000000
 -0.08484100   0.00000000    -0.15408336   0.00000000     0.08484100   0.00000000
 -0.08484100   0.00000000     0.08484100   0.00000000    -0.15408336   0.00000000
    2    2
  0.28249072   0.00000000    -0.02136816   0.00000000    -0.02136816   0.00000000
 -0.02136816   0.00000000     0.28249072   0.00000000     0.02136816   0.00000000
 -0.02136816   0.00000000     0.02136816   0.00000000     0.28249072   0.00000000

     Dynamical  Matrix in cartesian axes

     q = (    0.500000000   0.500000000  -0.500000000 ) 

    1    1
  0.28249072   0.00000000     0.02136816   0.00000000    -0.02136816   0.00000000
  0.02136816   0.00000000     0.28249072   0.00000000    -0.02136816   0.00000000
 -0.02136816   0.00000000    -0.02136816   0.00000000     0.28249072   0.00000000
    1    2
 -0.15408336   0.00000000     0.08484100   0.00000000    -0.08484100   0.00000000
  0.08484100   0.00000000    -0.15408336   0.00000000    -0.08484100   0.00000000
 -0.08484100   0.00000000    -0.08484100   0.00000000    -0.15408336   0.00000000
    2    1
 -0.15408336   0.00000000     0.08484100   0.00000000    -0.08484100   0.00000000
  0.08484100   0.00000000    -0.15408336   0.00000000    -0.08484100   0.00000000
 -0.08484100   0.00000000    -0.08484100   0.00000000    -0.15408336   0.00000000
    2    2
  0.28249072   0.00000000     0.02136816   0.00000000    -0.02136816   0.00000000
  0.02136816   0.00000000     0.28249072   0.00000000    -0.02136816   0.00000000
 -0.02136816   0.00000000    -0.02136816   0.00000000     0.28249072   0.00000000

     Diagonalizing the dynamical matrix

     q = (    0.500000000  -0.500000000   0.500000000 ) 

 **************************************************************************
     freq (    1) =       3.063543 [THz] =     102.188798 [cm-1]
 ( -0.490065  0.000000 -0.509375  0.000000 -0.019310  0.000000 ) 
 ( -0.490065  0.000000 -0.509375  0.000000 -0.019310  0.000000 ) 
     freq (    2) =       3.063543 [THz] =     102.188798 [cm-1]
 ( -0.305237  0.000000  0.271791  0.000000  0.577027  0.000000 ) 
 ( -0.305237  0.000000  0.271791  0.000000  0.577027  0.000000 ) 
     freq (    3) =      11.441565 [THz] =     381.649537 [cm-1]
 (  0.408248  0.000000 -0.408248  0.000000  0.408248  0.000000 ) 
 ( -0.408248  0.000000  0.408248  0.000000 -0.408248  0.000000 ) 
     freq (    4) =      12.004144 [THz] =     400.415145 [cm-1]
 (  0.408248  0.000000 -0.408248  0.000000  0.408248  0.000000 ) 
 (  0.408248  0.000000 -0.408248  0.000000  0.408248  0.000000 ) 
     freq (    5) =      14.540201 [THz] =     485.008901 [cm-1]
 (  0.294384  0.000000 -0.282928  0.000000 -0.577312  0.000000 ) 
 ( -0.294384  0.000000  0.282928  0.000000  0.577312  0.000000 ) 
     freq (    6) =      14.540201 [THz] =     485.008901 [cm-1]
 ( -0.496660  0.000000 -0.503274  0.000000 -0.006614  0.000000 ) 
 (  0.496660  0.000000  0.503274  0.000000  0.006614  0.000000 ) 
 **************************************************************************
