Dynamical matrix file
Ph                                                                         
  1    2   2  10.2000000   0.0000000   0.0000000   0.0000000   0.0000000   0.0000000
           1  'Si     '    25598.823011949724     
    1    1      0.0000000000      0.0000000000      0.0000000000
    2    1      0.2500000000      0.2500000000      0.2500000000

     Dynamical  Matrix in cartesian axes

     q = (    0.000000000   0.500000000   0.000000000 ) 

    1    1
  0.25454936   0.00000000     0.00000000   0.00000000    -0.00000000   0.00000000
  0.00000000   0.00000000     0.32275668   0.00000000     0.00000000   0.00000000
 -0.00000000   0.00000000     0.00000000   0.00000000     0.25454936   0.00000000
    1    2
 -0.13050720   0.13050720    -0.00000000   0.00000000    -0.08577422  -0.08577422
 -0.00000000   0.00000000    -0.14231985   0.14231985     0.00000000   0.00000000
 -0.08577422  -0.08577422    -0.00000000   0.00000000    -0.13050720   0.13050720
    2    1
 -0.13050720  -0.13050720     0.00000000   0.00000000    -0.08577422   0.08577422
  0.00000000   0.00000000    -0.14231985  -0.14231985     0.00000000   0.00000000
 -0.08577422   0.08577422     0.00000000   0.00000000    -0.13050720  -0.13050720
    2    2
  0.25454936   0.00000000     0.00000000   0.00000000    -0.00000000   0.00000000
 -0.00000000   0.00000000     0.32275668   0.00000000    -0.00000000   0.00000000
 -0.00000000   0.00000000     0.00000000   0.00000000     0.25454936   0.00000000

     Dynamical  Matrix in cartesian axes

     q = (    0.000000000  -0.500000000   0.000000000 ) 

    1    1
  0.25454936   0.00000000    -0.00000000   0.00000000    -0.00000000   0.00000000
 -0.00000000   0.00000000     0.32275668   0.00000000    -0.00000000   0.00000000
 -0.00000000   0.00000000    -0.00000000   0.00000000     0.25454936   0.00000000
    1    2
 -0.13050720  -0.13050720     0.00000000  -0.00000000    -0.08577422   0.08577422
  0.00000000   0.00000000    -0.14231985  -0.14231985     0.00000000   0.00000000
 -0.08577422   0.08577422     0.00000000   0.00000000    -0.13050720  -0.13050720
    2    1
 -0.13050720   0.13050720     0.00000000   0.00000000    -0.08577422  -0.08577422
 -0.00000000   0.00000000    -0.14231985   0.14231985     0.00000000  -0.00000000
 -0.08577422  -0.08577422     0.00000000   0.00000000    -0.13050720   0.13050720
    2    2
  0.25454936   0.00000000    -0.00000000   0.00000000     0.00000000   0.00000000
  0.00000000   0.00000000     0.32275668   0.00000000    -0.00000000   0.00000000
  0.00000000   0.00000000    -0.00000000   0.00000000     0.25454936   0.00000000

     Dynamical  Matrix in cartesian axes

     q = (    0.500000000   0.000000000   0.000000000 ) 

    1    1
  0.32275668   0.00000000     0.00000000   0.00000000    -0.00000000   0.00000000
  0.00000000   0.00000000     0.25454936   0.00000000     0.00000000   0.00000000
 -0.00000000   0.00000000     0.00000000   0.00000000     0.25454936   0.00000000
    1    2
 -0.14231985   0.14231985     0.00000000   0.00000000    -0.00000000  -0.00000000
  0.00000000   0.00000000    -0.13050720   0.13050720    -0.08577422  -0.08577422
 -0.00000000  -0.00000000    -0.08577422  -0.08577422    -0.13050720   0.13050720
    2    1
 -0.14231985  -0.14231985    -0.00000000  -0.00000000    -0.00000000   0.00000000
  0.00000000  -0.00000000    -0.13050720  -0.13050720    -0.08577422   0.08577422
 -0.00000000   0.00000000    -0.08577422   0.08577422    -0.13050720  -0.13050720
    2    2
  0.32275668   0.00000000     0.00000000   0.00000000     0.00000000   0.00000000
  0.00000000   0.00000000     0.25454936   0.00000000     0.00000000   0.00000000
  0.00000000   0.00000000    -0.00000000   0.00000000     0.25454936   0.00000000

     Dynamical  Matrix in cartesian axes

     q = (    0.000000000   0.000000000   0.500000000 ) 

    1    1
  0.25454936   0.00000000     0.00000000   0.00000000     0.00000000   0.00000000
  0.00000000   0.00000000     0.25454936   0.00000000     0.00000000   0.00000000
 -0.00000000   0.00000000     0.00000000   0.00000000     0.32275668   0.00000000
    1    2
 -0.13050720   0.13050720    -0.08577422  -0.08577422     0.00000000   0.00000000
 -0.08577422  -0.08577422    -0.13050720   0.13050720     0.00000000  -0.00000000
  0.00000000   0.00000000     0.00000000  -0.00000000    -0.14231985   0.14231985
    2    1
 -0.13050720  -0.13050720    -0.08577422   0.08577422     0.00000000  -0.00000000
 -0.08577422   0.08577422    -0.13050720  -0.13050720     0.00000000   0.00000000
 -0.00000000   0.00000000     0.00000000   0.00000000    -0.14231985  -0.14231985
    2    2
  0.25454936   0.00000000     0.00000000   0.00000000    -0.00000000   0.00000000
  0.00000000   0.00000000     0.25454936   0.00000000    -0.00000000   0.00000000
  0.00000000   0.00000000     0.00000000   0.00000000     0.32275668   0.00000000

     Dynamical  Matrix in cartesian axes

     q = (    0.000000000   0.000000000  -0.500000000 ) 

    1    1
  0.25454936   0.00000000    -0.00000000   0.00000000     0.00000000   0.00000000
 -0.00000000   0.00000000     0.25454936   0.00000000     0.00000000   0.00000000
  0.00000000   0.00000000     0.00000000   0.00000000     0.32275668   0.00000000
    1    2
 -0.13050720  -0.13050720    -0.08577422   0.08577422     0.00000000  -0.00000000
 -0.08577422   0.08577422    -0.13050720  -0.13050720     0.00000000  -0.00000000
  0.00000000  -0.00000000     0.00000000   0.00000000    -0.14231985  -0.14231985
    2    1
 -0.13050720   0.13050720    -0.08577422  -0.08577422    -0.00000000   0.00000000
 -0.08577422  -0.08577422    -0.13050720   0.13050720    -0.00000000   0.00000000
  0.00000000   0.00000000     0.00000000   0.00000000    -0.14231985   0.14231985
    2    2
  0.25454936   0.00000000     0.00000000   0.00000000     0.00000000   0.00000000
  0.00000000   0.00000000     0.25454936   0.00000000     0.00000000   0.00000000
 -0.00000000   0.00000000     0.00000000   0.00000000     0.32275668   0.00000000

     Dynamical  Matrix in cartesian axes

     q = (   -0.500000000   0.000000000   0.000000000 ) 

    1    1
  0.32275668   0.00000000     0.00000000   0.00000000     0.00000000   0.00000000
  0.00000000   0.00000000     0.25454936   0.00000000     0.00000000   0.00000000
 -0.00000000   0.00000000     0.00000000   0.00000000     0.25454936   0.00000000
    1    2
 -0.14231985  -0.14231985    -0.00000000   0.00000000    -0.00000000   0.00000000
 -0.00000000   0.00000000    -0.13050720  -0.13050720    -0.08577422   0.08577422
 -0.00000000   0.00000000    -0.08577422   0.08577422    -0.13050720  -0.13050720
    2    1
 -0.14231985   0.14231985     0.00000000   0.00000000    -0.00000000   0.00000000
 -0.00000000   0.00000000    -0.13050720   0.13050720    -0.08577422  -0.08577422
 -0.00000000   0.00000000    -0.08577422  -0.08577422    -0.13050720   0.13050720
    2    2
  0.32275668   0.00000000     0.00000000   0.00000000     0.00000000   0.00000000
 -0.00000000   0.00000000     0.25454936   0.00000000     0.00000000   0.00000000
  0.00000000   0.00000000     0.00000000   0.00000000     0.25454936   0.00000000

     Diagonalizing the dynamical matrix

     q = (    0.000000000   0.500000000   0.000000000 ) 

 **************************************************************************
     freq (    1) =       3.774139 [THz] =     125.891737 [cm-1]
 ( -0.451372  0.373824 -0.000000  0.000000 -0.202447 -0.339903 ) 
 ( -0.698245 -0.099208 -0.000000 -0.000000  0.051107 -0.000000 ) 
     freq (    2) =       3.774139 [THz] =     125.891737 [cm-1]
 ( -0.308045 -0.248247 -0.000000  0.000000 -0.433601  0.394299 ) 
 ( -0.050599 -0.007189 -0.000000 -0.000000 -0.705257  0.000000 ) 
     freq (    3) =       7.166848 [THz] =     239.060317 [cm-1]
 ( -0.000000  0.000000  0.672586 -0.218238 -0.000000 -0.000000 ) 
 ( -0.000000 -0.000000  0.629908  0.321273 -0.000000  0.000000 ) 
     freq (    4) =      14.177460 [THz] =     472.909170 [cm-1]
 (  0.410427 -0.401313 -0.000000 -0.000000  0.148044  0.385461 ) 
 ( -0.686859 -0.097590  0.000000  0.000000  0.136752  0.000000 ) 
     freq (    5) =      14.177460 [THz] =     472.909170 [cm-1]
 ( -0.360803 -0.200795  0.000000 -0.000000 -0.455057  0.349893 ) 
 (  0.135392  0.019237 -0.000000 -0.000000  0.693757  0.000000 ) 
     freq (    6) =      14.884766 [THz] =     496.502349 [cm-1]
 ( -0.000000  0.000000 -0.672586  0.218238 -0.000000  0.000000 ) 
 (  0.000000 -0.000000  0.629908  0.321273  0.000000  0.000000 ) 
 **************************************************************************
