Dynamical matrix file
Ph                                                                         
  1    2   2  10.2000000   0.0000000   0.0000000   0.0000000   0.0000000   0.0000000
           1  'Si     '    25598.823011949724     
    1    1      0.0000000000      0.0000000000      0.0000000000
    2    1      0.2500000000      0.2500000000      0.2500000000

     Dynamical  Matrix in cartesian axes

     q = (    0.500000000   0.000000000   0.500000000 ) 

    1    1
  0.26700834   0.00000000     0.00000000   0.00773314     0.01252411   0.00000000
  0.00000000  -0.00773314     0.28312100   0.00000000     0.00000000  -0.00773314
  0.01252411   0.00000000     0.00000000   0.00773314     0.26700834   0.00000000
    1    2
  0.00000000   0.12867495    -0.08606429  -0.00000000     0.00000000  -0.08532254
 -0.08606429   0.00000000    -0.00000000   0.14473264    -0.08606429   0.00000000
  0.00000000  -0.08532254    -0.08606429  -0.00000000    -0.00000000   0.12867495
    2    1
  0.00000000  -0.12867495    -0.08606429   0.00000000     0.00000000   0.08532254
 -0.08606429   0.00000000    -0.00000000  -0.14473264    -0.08606429   0.00000000
  0.00000000   0.08532254    -0.08606429   0.00000000    -0.00000000  -0.12867495
    2    2
  0.26700834   0.00000000     0.00000000  -0.00773314     0.01252411   0.00000000
  0.00000000   0.00773314     0.28312100   0.00000000     0.00000000   0.00773314
  0.01252411   0.00000000     0.00000000  -0.00773314     0.26700834   0.00000000

     Dynamical  Matrix in cartesian axes

     q = (   -0.500000000   0.000000000   0.500000000 ) 

    1    1
  0.26700834   0.00000000     0.00000000   0.00773314    -0.01252411   0.00000000
  0.00000000  -0.00773314     0.28312100   0.00000000     0.00000000   0.00773314
 -0.01252411   0.00000000     0.00000000  -0.00773314     0.26700834   0.00000000
    1    2
 -0.12867495   0.00000000     0.00000000  -0.08606429    -0.08532254  -0.00000000
  0.00000000  -0.08606429    -0.14473264  -0.00000000     0.00000000   0.08606429
 -0.08532254   0.00000000     0.00000000   0.08606429    -0.12867495  -0.00000000
    2    1
 -0.12867495   0.00000000     0.00000000   0.08606429    -0.08532254   0.00000000
  0.00000000   0.08606429    -0.14473264   0.00000000     0.00000000  -0.08606429
 -0.08532254   0.00000000     0.00000000  -0.08606429    -0.12867495   0.00000000
    2    2
  0.26700834   0.00000000     0.00000000  -0.00773314    -0.01252411   0.00000000
  0.00000000   0.00773314     0.28312100   0.00000000     0.00000000  -0.00773314
 -0.01252411   0.00000000     0.00000000   0.00773314     0.26700834   0.00000000

     Dynamical  Matrix in cartesian axes

     q = (   -0.500000000   0.000000000  -0.500000000 ) 

    1    1
  0.26700834   0.00000000     0.00000000  -0.00773314     0.01252411   0.00000000
  0.00000000   0.00773314     0.28312100   0.00000000     0.00000000   0.00773314
  0.01252411   0.00000000     0.00000000  -0.00773314     0.26700834   0.00000000
    1    2
 -0.00000000  -0.12867495    -0.08606429   0.00000000    -0.00000000   0.08532254
 -0.08606429   0.00000000    -0.00000000  -0.14473264    -0.08606429   0.00000000
  0.00000000   0.08532254    -0.08606429   0.00000000    -0.00000000  -0.12867495
    2    1
 -0.00000000   0.12867495    -0.08606429   0.00000000    -0.00000000  -0.08532254
 -0.08606429   0.00000000    -0.00000000   0.14473264    -0.08606429   0.00000000
  0.00000000  -0.08532254    -0.08606429   0.00000000    -0.00000000   0.12867495
    2    2
  0.26700834   0.00000000     0.00000000   0.00773314     0.01252411   0.00000000
  0.00000000  -0.00773314     0.28312100   0.00000000     0.00000000  -0.00773314
  0.01252411   0.00000000     0.00000000   0.00773314     0.26700834   0.00000000

     Dynamical  Matrix in cartesian axes

     q = (    0.500000000   0.000000000  -0.500000000 ) 

    1    1
  0.26700834   0.00000000     0.00000000  -0.00773314    -0.01252411   0.00000000
  0.00000000   0.00773314     0.28312100   0.00000000     0.00000000  -0.00773314
 -0.01252411   0.00000000     0.00000000   0.00773314     0.26700834   0.00000000
    1    2
 -0.12867495   0.00000000     0.00000000   0.08606429    -0.08532254   0.00000000
  0.00000000   0.08606429    -0.14473264   0.00000000     0.00000000  -0.08606429
 -0.08532254   0.00000000     0.00000000  -0.08606429    -0.12867495   0.00000000
    2    1
 -0.12867495   0.00000000     0.00000000  -0.08606429    -0.08532254  -0.00000000
  0.00000000  -0.08606429    -0.14473264  -0.00000000     0.00000000   0.08606429
 -0.08532254   0.00000000     0.00000000   0.08606429    -0.12867495  -0.00000000
    2    2
  0.26700834   0.00000000     0.00000000   0.00773314    -0.01252411   0.00000000
  0.00000000  -0.00773314     0.28312100   0.00000000     0.00000000   0.00773314
 -0.01252411   0.00000000     0.00000000  -0.00773314     0.26700834   0.00000000

     Dynamical  Matrix in cartesian axes

     q = (    0.000000000   0.500000000  -0.500000000 ) 

    1    1
  0.28312100   0.00000000     0.00000000   0.00773314     0.00000000  -0.00773314
  0.00000000  -0.00773314     0.26700834   0.00000000    -0.01252411   0.00000000
  0.00000000   0.00773314    -0.01252411   0.00000000     0.26700834   0.00000000
    1    2
 -0.14473264   0.00000000     0.00000000   0.08606429     0.00000000  -0.08606429
  0.00000000   0.08606429    -0.12867495   0.00000000    -0.08532254   0.00000000
  0.00000000  -0.08606429    -0.08532254   0.00000000    -0.12867495   0.00000000
    2    1
 -0.14473264   0.00000000     0.00000000  -0.08606429     0.00000000   0.08606429
  0.00000000  -0.08606429    -0.12867495   0.00000000    -0.08532254   0.00000000
 -0.00000000   0.08606429    -0.08532254   0.00000000    -0.12867495   0.00000000
    2    2
  0.28312100   0.00000000     0.00000000  -0.00773314     0.00000000   0.00773314
  0.00000000   0.00773314     0.26700834   0.00000000    -0.01252411   0.00000000
  0.00000000  -0.00773314    -0.01252411   0.00000000     0.26700834   0.00000000

     Dynamical  Matrix in cartesian axes

     q = (   -0.500000000   0.500000000   0.000000000 ) 

    1    1
  0.26700834   0.00000000    -0.01252411   0.00000000     0.00000000   0.00773314
 -0.01252411   0.00000000     0.26700834   0.00000000     0.00000000  -0.00773314
  0.00000000  -0.00773314     0.00000000   0.00773314     0.28312100   0.00000000
    1    2
 -0.12867495   0.00000000    -0.08532254   0.00000000     0.00000000  -0.08606429
 -0.08532254   0.00000000    -0.12867495   0.00000000     0.00000000   0.08606429
 -0.00000000  -0.08606429     0.00000000   0.08606429    -0.14473264   0.00000000
    2    1
 -0.12867495   0.00000000    -0.08532254  -0.00000000     0.00000000   0.08606429
 -0.08532254   0.00000000    -0.12867495  -0.00000000     0.00000000  -0.08606429
 -0.00000000   0.08606429     0.00000000  -0.08606429    -0.14473264   0.00000000
    2    2
  0.26700834   0.00000000    -0.01252411   0.00000000     0.00000000  -0.00773314
 -0.01252411   0.00000000     0.26700834   0.00000000     0.00000000   0.00773314
  0.00000000   0.00773314     0.00000000  -0.00773314     0.28312100   0.00000000

     Dynamical  Matrix in cartesian axes

     q = (    0.000000000   0.500000000   0.500000000 ) 

    1    1
  0.28312100   0.00000000     0.00000000  -0.00773314     0.00000000  -0.00773314
  0.00000000   0.00773314     0.26700834   0.00000000     0.01252411   0.00000000
  0.00000000   0.00773314     0.01252411   0.00000000     0.26700834   0.00000000
    1    2
 -0.00000000   0.14473264    -0.08606429   0.00000000    -0.08606429   0.00000000
 -0.08606429   0.00000000     0.00000000   0.12867495     0.00000000  -0.08532254
 -0.08606429   0.00000000     0.00000000  -0.08532254     0.00000000   0.12867495
    2    1
 -0.00000000  -0.14473264    -0.08606429   0.00000000    -0.08606429   0.00000000
 -0.08606429   0.00000000     0.00000000  -0.12867495     0.00000000   0.08532254
 -0.08606429   0.00000000     0.00000000   0.08532254     0.00000000  -0.12867495
    2    2
  0.28312100   0.00000000     0.00000000   0.00773314     0.00000000   0.00773314
  0.00000000  -0.00773314     0.26700834   0.00000000     0.01252411   0.00000000
  0.00000000  -0.00773314     0.01252411   0.00000000     0.26700834   0.00000000

     Dynamical  Matrix in cartesian axes

     q = (    0.000000000  -0.500000000  -0.500000000 ) 

    1    1
  0.28312100   0.00000000     0.00000000   0.00773314     0.00000000   0.00773314
  0.00000000  -0.00773314     0.26700834   0.00000000     0.01252411   0.00000000
  0.00000000  -0.00773314     0.01252411   0.00000000     0.26700834   0.00000000
    1    2
 -0.00000000  -0.14473264    -0.08606429   0.00000000    -0.08606429   0.00000000
 -0.08606429   0.00000000    -0.00000000  -0.12867495     0.00000000   0.08532254
 -0.08606429   0.00000000     0.00000000   0.08532254    -0.00000000  -0.12867495
    2    1
  0.00000000   0.14473264    -0.08606429   0.00000000    -0.08606429   0.00000000
 -0.08606429   0.00000000    -0.00000000   0.12867495     0.00000000  -0.08532254
 -0.08606429   0.00000000     0.00000000  -0.08532254    -0.00000000   0.12867495
    2    2
  0.28312100   0.00000000     0.00000000  -0.00773314     0.00000000  -0.00773314
  0.00000000   0.00773314     0.26700834   0.00000000     0.01252411   0.00000000
  0.00000000   0.00773314     0.01252411   0.00000000     0.26700834   0.00000000

     Dynamical  Matrix in cartesian axes

     q = (    0.500000000   0.500000000   0.000000000 ) 

    1    1
  0.26700834   0.00000000     0.01252411   0.00000000     0.00000000   0.00773314
  0.01252411   0.00000000     0.26700834   0.00000000     0.00000000   0.00773314
  0.00000000  -0.00773314     0.00000000  -0.00773314     0.28312100   0.00000000
    1    2
 -0.00000000   0.12867495    -0.00000000  -0.08532254    -0.08606429   0.00000000
  0.00000000  -0.08532254    -0.00000000   0.12867495    -0.08606429   0.00000000
 -0.08606429   0.00000000    -0.08606429   0.00000000    -0.00000000   0.14473264
    2    1
 -0.00000000  -0.12867495    -0.00000000   0.08532254    -0.08606429   0.00000000
  0.00000000   0.08532254    -0.00000000  -0.12867495    -0.08606429   0.00000000
 -0.08606429   0.00000000    -0.08606429   0.00000000    -0.00000000  -0.14473264
    2    2
  0.26700834   0.00000000     0.01252411   0.00000000     0.00000000  -0.00773314
  0.01252411   0.00000000     0.26700834   0.00000000     0.00000000  -0.00773314
  0.00000000   0.00773314     0.00000000   0.00773314     0.28312100   0.00000000

     Dynamical  Matrix in cartesian axes

     q = (    0.500000000  -0.500000000   0.000000000 ) 

    1    1
  0.26700834   0.00000000    -0.01252411   0.00000000     0.00000000  -0.00773314
 -0.01252411   0.00000000     0.26700834   0.00000000     0.00000000   0.00773314
  0.00000000   0.00773314     0.00000000  -0.00773314     0.28312100   0.00000000
    1    2
 -0.12867495   0.00000000    -0.08532254  -0.00000000     0.00000000   0.08606429
 -0.08532254   0.00000000    -0.12867495  -0.00000000     0.00000000  -0.08606429
 -0.00000000   0.08606429     0.00000000  -0.08606429    -0.14473264   0.00000000
    2    1
 -0.12867495   0.00000000    -0.08532254   0.00000000     0.00000000  -0.08606429
 -0.08532254   0.00000000    -0.12867495   0.00000000     0.00000000   0.08606429
 -0.00000000  -0.08606429     0.00000000   0.08606429    -0.14473264   0.00000000
    2    2
  0.26700834   0.00000000    -0.01252411   0.00000000     0.00000000   0.00773314
 -0.01252411   0.00000000     0.26700834   0.00000000     0.00000000  -0.00773314
  0.00000000  -0.00773314     0.00000000   0.00773314     0.28312100   0.00000000

     Dynamical  Matrix in cartesian axes

     q = (   -0.500000000  -0.500000000   0.000000000 ) 

    1    1
  0.26700834   0.00000000     0.01252411   0.00000000     0.00000000  -0.00773314
  0.01252411   0.00000000     0.26700834   0.00000000     0.00000000  -0.00773314
  0.00000000   0.00773314     0.00000000   0.00773314     0.28312100   0.00000000
    1    2
 -0.00000000  -0.12867495    -0.00000000   0.08532254    -0.08606429  -0.00000000
  0.00000000   0.08532254    -0.00000000  -0.12867495    -0.08606429  -0.00000000
 -0.08606429   0.00000000    -0.08606429   0.00000000    -0.00000000  -0.14473264
    2    1
 -0.00000000   0.12867495    -0.00000000  -0.08532254    -0.08606429   0.00000000
  0.00000000  -0.08532254    -0.00000000   0.12867495    -0.08606429   0.00000000
 -0.08606429   0.00000000    -0.08606429   0.00000000    -0.00000000   0.14473264
    2    2
  0.26700834   0.00000000     0.01252411   0.00000000     0.00000000   0.00773314
  0.01252411   0.00000000     0.26700834   0.00000000     0.00000000   0.00773314
  0.00000000  -0.00773314     0.00000000  -0.00773314     0.28312100   0.00000000

     Dynamical  Matrix in cartesian axes

     q = (    0.000000000  -0.500000000   0.500000000 ) 

    1    1
  0.28312100   0.00000000     0.00000000  -0.00773314     0.00000000   0.00773314
  0.00000000   0.00773314     0.26700834   0.00000000    -0.01252411   0.00000000
  0.00000000  -0.00773314    -0.01252411   0.00000000     0.26700834   0.00000000
    1    2
 -0.14473264   0.00000000     0.00000000  -0.08606429     0.00000000   0.08606429
  0.00000000  -0.08606429    -0.12867495   0.00000000    -0.08532254   0.00000000
 -0.00000000   0.08606429    -0.08532254   0.00000000    -0.12867495   0.00000000
    2    1
 -0.14473264   0.00000000     0.00000000   0.08606429     0.00000000  -0.08606429
  0.00000000   0.08606429    -0.12867495   0.00000000    -0.08532254   0.00000000
  0.00000000  -0.08606429    -0.08532254   0.00000000    -0.12867495   0.00000000
    2    2
  0.28312100   0.00000000     0.00000000   0.00773314     0.00000000  -0.00773314
  0.00000000  -0.00773314     0.26700834   0.00000000    -0.01252411   0.00000000
  0.00000000   0.00773314    -0.01252411   0.00000000     0.26700834   0.00000000

     Diagonalizing the dynamical matrix

     q = (    0.500000000   0.000000000   0.500000000 ) 

 **************************************************************************
     freq (    1) =       4.137342 [THz] =     138.006873 [cm-1]
 (  0.000000  0.500000 -0.000000  0.000000  0.000000 -0.500000 ) 
 ( -0.500000  0.000000  0.000000 -0.000000  0.500000 -0.000000 ) 
     freq (    2) =       6.046744 [THz] =     201.697666 [cm-1]
 ( -0.000000 -0.212157 -0.640296  0.000000 -0.000000 -0.212157 ) 
 ( -0.212157  0.000000 -0.000000 -0.640296 -0.212157  0.000000 ) 
     freq (    3) =       8.437157 [THz] =     281.433259 [cm-1]
 (  0.000000  0.445201 -0.321859 -0.000000  0.000000  0.445201 ) 
 ( -0.445201  0.000000  0.000000  0.321859 -0.445201  0.000000 ) 
     freq (    4) =      12.588129 [THz] =     419.894795 [cm-1]
 ( -0.000000 -0.452757  0.300036 -0.000000  0.000000 -0.452757 ) 
 ( -0.452757  0.000000 -0.000000  0.300036 -0.452757  0.000000 ) 
     freq (    5) =      14.073800 [THz] =     469.451422 [cm-1]
 ( -0.000000 -0.500000 -0.000000 -0.000000  0.000000  0.500000 ) 
 ( -0.500000  0.000000 -0.000000 -0.000000  0.500000  0.000000 ) 
     freq (    6) =      14.476348 [THz] =     482.878987 [cm-1]
 (  0.000000 -0.227588 -0.629609  0.000000 -0.000000 -0.227588 ) 
 (  0.227588 -0.000000  0.000000  0.629609  0.227588  0.000000 ) 
 **************************************************************************
