Dynamical matrix file
Ph                                                                         
  1    2   2  10.2000000   0.0000000   0.0000000   0.0000000   0.0000000   0.0000000
           1  'Si     '    25598.823011949724     
    1    1      0.0000000000      0.0000000000      0.0000000000
    2    1      0.2500000000      0.2500000000      0.2500000000

     Dynamical  Matrix in cartesian axes

     q = (    0.000000000  -1.000000000   0.000000000 ) 

    1    1
  0.23475200   0.00000000     0.00000000   0.00000000     0.00000000   0.00000000
  0.00000000   0.00000000     0.34410052   0.00000000     0.00000000   0.00000000
  0.00000000   0.00000000     0.00000000   0.00000000     0.23475200   0.00000000
    1    2
  0.00000000  -0.00000000     0.00000000  -0.00000000    -0.19749206   0.00000000
  0.00000000  -0.00000000     0.00000000  -0.00000000     0.00000000   0.00000000
 -0.19749206   0.00000000     0.00000000   0.00000000    -0.00000000  -0.00000000
    2    1
  0.00000000  -0.00000000     0.00000000  -0.00000000    -0.19749206  -0.00000000
 -0.00000000   0.00000000    -0.00000000   0.00000000     0.00000000  -0.00000000
 -0.19749206  -0.00000000     0.00000000  -0.00000000    -0.00000000  -0.00000000
    2    2
  0.23475200   0.00000000     0.00000000   0.00000000     0.00000000   0.00000000
 -0.00000000   0.00000000     0.34410052   0.00000000    -0.00000000   0.00000000
  0.00000000   0.00000000     0.00000000   0.00000000     0.23475200   0.00000000

     Dynamical  Matrix in cartesian axes

     q = (   -1.000000000   0.000000000   0.000000000 ) 

    1    1
  0.34410052   0.00000000    -0.00000000   0.00000000     0.00000000   0.00000000
 -0.00000000   0.00000000     0.23475200   0.00000000    -0.00000000   0.00000000
  0.00000000   0.00000000    -0.00000000   0.00000000     0.23475200   0.00000000
    1    2
  0.00000000   0.00000000     0.00000000   0.00000000     0.00000000  -0.00000000
  0.00000000   0.00000000     0.00000000   0.00000000    -0.19749206   0.00000000
  0.00000000   0.00000000    -0.19749206   0.00000000     0.00000000   0.00000000
    2    1
 -0.00000000  -0.00000000    -0.00000000  -0.00000000     0.00000000   0.00000000
  0.00000000  -0.00000000    -0.00000000  -0.00000000    -0.19749206  -0.00000000
 -0.00000000  -0.00000000    -0.19749206  -0.00000000     0.00000000  -0.00000000
    2    2
  0.34410052   0.00000000    -0.00000000   0.00000000     0.00000000   0.00000000
 -0.00000000   0.00000000     0.23475200   0.00000000    -0.00000000   0.00000000
  0.00000000   0.00000000    -0.00000000   0.00000000     0.23475200   0.00000000

     Dynamical  Matrix in cartesian axes

     q = (    0.000000000   0.000000000  -1.000000000 ) 

    1    1
  0.23475200   0.00000000     0.00000000   0.00000000     0.00000000   0.00000000
  0.00000000   0.00000000     0.23475200   0.00000000     0.00000000   0.00000000
 -0.00000000   0.00000000     0.00000000   0.00000000     0.34410052   0.00000000
    1    2
  0.00000000   0.00000000    -0.19749206   0.00000000    -0.00000000  -0.00000000
 -0.19749206   0.00000000    -0.00000000   0.00000000     0.00000000   0.00000000
  0.00000000   0.00000000     0.00000000   0.00000000    -0.00000000  -0.00000000
    2    1
  0.00000000   0.00000000    -0.19749206  -0.00000000     0.00000000   0.00000000
 -0.19749206  -0.00000000     0.00000000   0.00000000    -0.00000000  -0.00000000
  0.00000000   0.00000000    -0.00000000  -0.00000000     0.00000000   0.00000000
    2    2
  0.23475200   0.00000000     0.00000000   0.00000000    -0.00000000   0.00000000
  0.00000000   0.00000000     0.23475200   0.00000000     0.00000000   0.00000000
 -0.00000000   0.00000000     0.00000000   0.00000000     0.34410052   0.00000000

     Diagonalizing the dynamical matrix

     q = (    0.000000000  -1.000000000   0.000000000 ) 

 **************************************************************************
     freq (    1) =       3.969045 [THz] =     132.393101 [cm-1]
 ( -0.706729  0.000000  0.000000  0.000000  0.023097  0.000000 ) 
 (  0.023097  0.000000 -0.000000  0.000000 -0.706729  0.000000 ) 
     freq (    2) =       3.969045 [THz] =     132.393101 [cm-1]
 (  0.023097  0.000000  0.000000  0.000000  0.706729  0.000000 ) 
 (  0.706729  0.000000  0.000000  0.000000  0.023097  0.000000 ) 
     freq (    3) =      12.061677 [THz] =     402.334241 [cm-1]
 (  0.000000  0.000000 -0.155917  0.000000  0.000000  0.000000 ) 
 ( -0.000000  0.000000 -0.987770  0.000000  0.000000  0.000000 ) 
     freq (    4) =      12.061677 [THz] =     402.334241 [cm-1]
 (  0.000000 -0.000000 -0.987770  0.000000  0.000000 -0.000000 ) 
 (  0.000000  0.000000  0.155917 -0.000000 -0.000000  0.000000 ) 
     freq (    5) =      13.518533 [THz] =     450.929710 [cm-1]
 ( -0.707107  0.000000 -0.000000  0.000000  0.000000  0.000000 ) 
 ( -0.000000  0.000000 -0.000000  0.000000  0.707107  0.000000 ) 
     freq (    6) =      13.518533 [THz] =     450.929710 [cm-1]
 ( -0.000000  0.000000  0.000000  0.000000 -0.707107  0.000000 ) 
 (  0.707107  0.000000 -0.000000  0.000000  0.000000  0.000000 ) 
 **************************************************************************
