Dynamical matrix file
Ph                                                                         
  1    2   2  10.2000000   0.0000000   0.0000000   0.0000000   0.0000000   0.0000000
           1  'Si     '    25598.823011949724     
    1    1      0.0000000000      0.0000000000      0.0000000000
    2    1      0.2500000000      0.2500000000      0.2500000000

     Dynamical  Matrix in cartesian axes

     q = (   -0.500000000  -1.000000000   0.000000000 ) 

    1    1
  0.23998005   0.00000000     0.00000000  -0.00000000    -0.00000000   0.00000000
  0.00000000  -0.00000000     0.27842478   0.00000000    -0.00000000  -0.01754163
 -0.00000000   0.00000000     0.00000000   0.01754163     0.27842478   0.00000000
    1    2
  0.00000000   0.00000000    -0.08518280   0.08518280    -0.08518280  -0.08518280
 -0.08518280   0.08518280     0.00000000   0.00000000     0.00000000  -0.00000000
 -0.08518280  -0.08518280     0.00000000  -0.00000000     0.00000000   0.00000000
    2    1
  0.00000000   0.00000000    -0.08518280  -0.08518280    -0.08518280   0.08518280
 -0.08518280  -0.08518280     0.00000000  -0.00000000     0.00000000   0.00000000
 -0.08518280   0.08518280     0.00000000   0.00000000     0.00000000  -0.00000000
    2    2
  0.23998005   0.00000000     0.00000000  -0.00000000    -0.00000000   0.00000000
  0.00000000  -0.00000000     0.27842478  -0.00000000    -0.00000000   0.01754163
 -0.00000000   0.00000000     0.00000000  -0.01754163     0.27842478   0.00000000

     Dynamical  Matrix in cartesian axes

     q = (    0.000000000   1.000000000   0.500000000 ) 

    1    1
  0.27842478   0.00000000     0.00000000  -0.01754163     0.00000000   0.00000000
  0.00000000   0.01754163     0.27842478  -0.00000000     0.00000000  -0.00000000
  0.00000000   0.00000000     0.00000000  -0.00000000     0.23998005   0.00000000
    1    2
 -0.00000000   0.00000000    -0.00000000  -0.00000000    -0.08518280   0.08518280
 -0.00000000  -0.00000000    -0.00000000   0.00000000    -0.08518280  -0.08518280
 -0.08518280   0.08518280    -0.08518280  -0.08518280    -0.00000000   0.00000000
    2    1
 -0.00000000   0.00000000    -0.00000000  -0.00000000    -0.08518280  -0.08518280
 -0.00000000  -0.00000000    -0.00000000   0.00000000    -0.08518280   0.08518280
 -0.08518280  -0.08518280    -0.08518280   0.08518280    -0.00000000   0.00000000
    2    2
  0.27842478   0.00000000    -0.00000000   0.01754163     0.00000000   0.00000000
 -0.00000000  -0.01754163     0.27842478  -0.00000000     0.00000000  -0.00000000
  0.00000000   0.00000000     0.00000000   0.00000000     0.23998005   0.00000000

     Dynamical  Matrix in cartesian axes

     q = (    0.000000000  -1.000000000  -0.500000000 ) 

    1    1
  0.27842478  -0.00000000     0.00000000   0.01754163     0.00000000   0.00000000
  0.00000000  -0.01754163     0.27842478   0.00000000     0.00000000  -0.00000000
  0.00000000  -0.00000000     0.00000000   0.00000000     0.23998005   0.00000000
    1    2
 -0.00000000   0.00000000    -0.00000000  -0.00000000    -0.08518280  -0.08518280
 -0.00000000  -0.00000000    -0.00000000   0.00000000    -0.08518280   0.08518280
 -0.08518280  -0.08518280    -0.08518280   0.08518280    -0.00000000   0.00000000
    2    1
 -0.00000000   0.00000000    -0.00000000   0.00000000    -0.08518280   0.08518280
 -0.00000000   0.00000000    -0.00000000   0.00000000    -0.08518280  -0.08518280
 -0.08518280   0.08518280    -0.08518280  -0.08518280    -0.00000000   0.00000000
    2    2
  0.27842478  -0.00000000     0.00000000  -0.01754163    -0.00000000  -0.00000000
  0.00000000   0.01754163     0.27842478  -0.00000000    -0.00000000  -0.00000000
 -0.00000000   0.00000000     0.00000000   0.00000000     0.23998005   0.00000000

     Dynamical  Matrix in cartesian axes

     q = (    0.500000000   1.000000000   0.000000000 ) 

    1    1
  0.23998005   0.00000000     0.00000000  -0.00000000     0.00000000   0.00000000
  0.00000000  -0.00000000     0.27842478   0.00000000    -0.00000000   0.01754163
  0.00000000   0.00000000     0.00000000  -0.01754163     0.27842478   0.00000000
    1    2
  0.00000000   0.00000000    -0.08518280  -0.08518280    -0.08518280   0.08518280
 -0.08518280  -0.08518280     0.00000000  -0.00000000     0.00000000   0.00000000
 -0.08518280   0.08518280     0.00000000   0.00000000     0.00000000  -0.00000000
    2    1
  0.00000000   0.00000000    -0.08518280   0.08518280    -0.08518280  -0.08518280
 -0.08518280   0.08518280     0.00000000   0.00000000     0.00000000  -0.00000000
 -0.08518280  -0.08518280     0.00000000  -0.00000000     0.00000000   0.00000000
    2    2
  0.23998005   0.00000000     0.00000000  -0.00000000    -0.00000000   0.00000000
  0.00000000  -0.00000000     0.27842478  -0.00000000    -0.00000000  -0.01754163
 -0.00000000   0.00000000     0.00000000   0.01754163     0.27842478   0.00000000

     Dynamical  Matrix in cartesian axes

     q = (   -1.000000000  -0.500000000   0.000000000 ) 

    1    1
  0.27842478  -0.00000000     0.00000000  -0.00000000    -0.00000000  -0.01754163
  0.00000000  -0.00000000     0.23998005   0.00000000    -0.00000000  -0.00000000
 -0.00000000   0.01754163     0.00000000  -0.00000000     0.27842478   0.00000000
    1    2
  0.00000000   0.00000000    -0.08518280   0.08518280     0.00000000   0.00000000
 -0.08518280   0.08518280     0.00000000   0.00000000    -0.08518280  -0.08518280
  0.00000000   0.00000000    -0.08518280  -0.08518280     0.00000000   0.00000000
    2    1
  0.00000000   0.00000000    -0.08518280  -0.08518280     0.00000000   0.00000000
 -0.08518280  -0.08518280     0.00000000   0.00000000    -0.08518280   0.08518280
  0.00000000   0.00000000    -0.08518280   0.08518280     0.00000000   0.00000000
    2    2
  0.27842478  -0.00000000     0.00000000  -0.00000000    -0.00000000   0.01754163
  0.00000000  -0.00000000     0.23998005   0.00000000    -0.00000000   0.00000000
 -0.00000000  -0.01754163     0.00000000  -0.00000000     0.27842478  -0.00000000

     Dynamical  Matrix in cartesian axes

     q = (    0.000000000  -0.500000000  -1.000000000 ) 

    1    1
  0.27842478   0.00000000     0.00000000  -0.00000000     0.00000000   0.01754163
  0.00000000  -0.00000000     0.23998005   0.00000000     0.00000000  -0.00000000
  0.00000000  -0.01754163     0.00000000  -0.00000000     0.27842478   0.00000000
    1    2
 -0.00000000   0.00000000    -0.08518280  -0.08518280    -0.00000000   0.00000000
 -0.08518280  -0.08518280    -0.00000000   0.00000000    -0.08518280   0.08518280
 -0.00000000   0.00000000    -0.08518280   0.08518280    -0.00000000   0.00000000
    2    1
 -0.00000000   0.00000000    -0.08518280   0.08518280    -0.00000000   0.00000000
 -0.08518280   0.08518280    -0.00000000   0.00000000    -0.08518280  -0.08518280
 -0.00000000   0.00000000    -0.08518280  -0.08518280    -0.00000000   0.00000000
    2    2
  0.27842478   0.00000000     0.00000000   0.00000000     0.00000000  -0.01754163
  0.00000000  -0.00000000     0.23998005  -0.00000000     0.00000000   0.00000000
  0.00000000   0.01754163     0.00000000   0.00000000     0.27842478  -0.00000000

     Diagonalizing the dynamical matrix

     q = (   -0.500000000  -1.000000000   0.000000000 ) 

 **************************************************************************
     freq (    1) =       6.348399 [THz] =     211.759787 [cm-1]
 ( -0.178014 -0.178014  0.263910  0.342009 -0.342009  0.263910 ) 
 ( -0.091979  0.713604 -0.000000 -0.151151 -0.151151  0.000000 ) 
     freq (    2) =       6.348399 [THz] =     211.759787 [cm-1]
 (  0.508769  0.508769  0.092340  0.119666 -0.119666  0.092340 ) 
 ( -0.032183  0.249684 -0.000000  0.431994  0.431994  0.000000 ) 
     freq (    3) =      10.502388 [THz] =     350.321950 [cm-1]
 ( -0.000000  0.000000  0.026326  0.078979  0.078979 -0.026326 ) 
 ( -0.000000 -0.000000 -0.000000  0.702189 -0.702189  0.000000 ) 
     freq (    4) =      10.502388 [THz] =     350.321950 [cm-1]
 (  0.000000  0.000000 -0.222052 -0.666155 -0.666155  0.222052 ) 
 ( -0.000000  0.000000  0.000000  0.083251 -0.083251  0.000000 ) 
     freq (    5) =      13.648935 [THz] =     455.279479 [cm-1]
 (  0.457674  0.457674  0.000000  0.000000 -0.000000 -0.000000 ) 
 (  0.000000 -0.000000  0.000000 -0.539013 -0.539013  0.000000 ) 
     freq (    6) =      13.648935 [THz] =     455.279479 [cm-1]
 ( -0.000000 -0.000000  0.026145  0.538378 -0.538378  0.026145 ) 
 (  0.434936 -0.479335 -0.000000  0.000000  0.000000  0.000000 ) 
 **************************************************************************
