Dynamical matrix file
Ph                                                                         
  1    2   2  10.2000000   0.0000000   0.0000000   0.0000000   0.0000000   0.0000000
           1  'Si  '    25598.823011949724     
    1    1      0.0000000000      0.0000000000      0.0000000000
    2    1      0.2500000000      0.2500000000      0.2500000000

     Dynamical  Matrix in cartesian axes

     q = (    0.000000000   0.000000000   0.000000000 ) 

    1    1
  0.28504792   0.00000000    -0.00000000   0.00000000     0.00000000   0.00000000
 -0.00000000   0.00000000     0.28504792   0.00000000     0.00000000   0.00000000
  0.00000000   0.00000000    -0.00000000   0.00000000     0.28504792   0.00000000
    1    2
 -0.28500968   0.00000000     0.00000000   0.00000000     0.00000000   0.00000000
  0.00000000   0.00000000    -0.28500968   0.00000000    -0.00000000   0.00000000
  0.00000000   0.00000000     0.00000000   0.00000000    -0.28500968   0.00000000
    2    1
 -0.28500968   0.00000000     0.00000000   0.00000000    -0.00000000   0.00000000
  0.00000000   0.00000000    -0.28500968   0.00000000     0.00000000   0.00000000
  0.00000000   0.00000000     0.00000000   0.00000000    -0.28500968   0.00000000
    2    2
  0.28504792   0.00000000     0.00000000   0.00000000    -0.00000000   0.00000000
 -0.00000000   0.00000000     0.28504792   0.00000000    -0.00000000   0.00000000
  0.00000000   0.00000000    -0.00000000   0.00000000     0.28504792   0.00000000

     Dielectric Tensor:

         24.590174459285         -0.000000000000         -0.000000000000
         -0.000000000000         24.590174459285          0.000000000000
          0.000000000000          0.000000000000         24.590174459285

     Effective Charges E-U: Z_{alpha}{s,beta}

     atom #    1
         -1.227218694424         -0.000000000000          0.000000000000
          0.000000000000         -1.227218694424          0.000000000000
         -0.000000000000         -0.000000000000         -1.227218694424
     atom #    2
         -1.227218694424          0.000000000000          0.000000000000
          0.000000000000         -1.227218694424         -0.000000000000
          0.000000000000         -0.000000000000         -1.227218694424

     Effective Charges U-E: Z_{s,alpha}{beta}

     atom #    1
     -0.122721813189E+01      0.532907051820E-14      0.177635683940E-14
      0.577315972805E-14     -0.122721813189E+01     -0.577315972805E-14
      0.266453525910E-14     -0.532907051820E-14     -0.122721813189E+01
     atom #    2
     -0.122721813189E+01      0.399680288865E-14      0.133226762955E-14
      0.488498130835E-14     -0.122721813189E+01     -0.577315972805E-14
      0.222044604925E-14     -0.577315972805E-14     -0.122721813189E+01

     Diagonalizing the dynamical matrix

     q = (    0.000000000   0.000000000   0.000000000 ) 

 **************************************************************************
     freq (    1) =       0.127149 [THz] =       4.241248 [cm-1]
 (  0.105290  0.000000  0.543330  0.000000  0.440121  0.000000 ) 
 (  0.105290  0.000000  0.543330  0.000000  0.440121  0.000000 ) 
     freq (    2) =       0.127149 [THz] =       4.241248 [cm-1]
 (  0.579994  0.000000 -0.316458  0.000000  0.251915  0.000000 ) 
 (  0.579994  0.000000 -0.316458  0.000000  0.251915  0.000000 ) 
     freq (    3) =       0.127149 [THz] =       4.241248 [cm-1]
 ( -0.390539  0.000000 -0.323492  0.000000  0.492780  0.000000 ) 
 ( -0.390539  0.000000 -0.323492  0.000000  0.492780  0.000000 ) 
     freq (    4) =      15.524743 [THz] =     517.849669 [cm-1]
 ( -0.092238  0.000000  0.684619  0.000000  0.150959  0.000000 ) 
 (  0.092238  0.000000 -0.684619  0.000000 -0.150959  0.000000 ) 
     freq (    5) =      15.524743 [THz] =     517.849669 [cm-1]
 ( -0.440639  0.000000 -0.175040  0.000000  0.524594  0.000000 ) 
 (  0.440639  0.000000  0.175040  0.000000 -0.524594  0.000000 ) 
     freq (    6) =      15.524743 [THz] =     517.849669 [cm-1]
 ( -0.545279  0.000000  0.025641  0.000000 -0.449459  0.000000 ) 
 (  0.545279  0.000000 -0.025641  0.000000  0.449459  0.000000 ) 
 **************************************************************************
