Dynamical matrix file
Ph                                                                         
  1    2   2  10.2000000   0.0000000   0.0000000   0.0000000   0.0000000   0.0000000
           1  'Si  '    25598.823011949724     
    1    1      0.0000000000      0.0000000000      0.0000000000
    2    1      0.2500000000      0.2500000000      0.2500000000

     Dynamical  Matrix in cartesian axes

     q = (    0.500000000  -0.500000000   0.500000000 ) 

    1    1
  0.28249077   0.00000000    -0.02136815   0.00000000     0.02136815   0.00000000
 -0.02136815   0.00000000     0.28249077   0.00000000    -0.02136815   0.00000000
  0.02136815   0.00000000    -0.02136815   0.00000000     0.28249077   0.00000000
    1    2
 -0.15408335   0.00000000    -0.08484102   0.00000000     0.08484102   0.00000000
 -0.08484102   0.00000000    -0.15408335   0.00000000    -0.08484102   0.00000000
  0.08484102   0.00000000    -0.08484102   0.00000000    -0.15408335   0.00000000
    2    1
 -0.15408335   0.00000000    -0.08484102   0.00000000     0.08484102   0.00000000
 -0.08484102   0.00000000    -0.15408335   0.00000000    -0.08484102   0.00000000
  0.08484102   0.00000000    -0.08484102   0.00000000    -0.15408335   0.00000000
    2    2
  0.28249077   0.00000000    -0.02136815   0.00000000     0.02136815   0.00000000
 -0.02136815   0.00000000     0.28249077   0.00000000    -0.02136815   0.00000000
  0.02136815   0.00000000    -0.02136815   0.00000000     0.28249077   0.00000000

     Dynamical  Matrix in cartesian axes

     q = (    0.500000000   0.500000000   0.500000000 ) 

    1    1
  0.28249077   0.00000000     0.02136815   0.00000000     0.02136815   0.00000000
  0.02136815   0.00000000     0.28249077   0.00000000     0.02136815   0.00000000
  0.02136815   0.00000000     0.02136815   0.00000000     0.28249077   0.00000000
    1    2
  0.15408335   0.00000000    -0.08484102  -0.00000000    -0.08484102  -0.00000000
 -0.08484102  -0.00000000     0.15408335   0.00000000    -0.08484102  -0.00000000
 -0.08484102  -0.00000000    -0.08484102  -0.00000000     0.15408335   0.00000000
    2    1
  0.15408335  -0.00000000    -0.08484102   0.00000000    -0.08484102   0.00000000
 -0.08484102   0.00000000     0.15408335  -0.00000000    -0.08484102   0.00000000
 -0.08484102   0.00000000    -0.08484102   0.00000000     0.15408335  -0.00000000
    2    2
  0.28249077   0.00000000     0.02136815   0.00000000     0.02136815   0.00000000
  0.02136815   0.00000000     0.28249077   0.00000000     0.02136815   0.00000000
  0.02136815   0.00000000     0.02136815   0.00000000     0.28249077   0.00000000

     Dynamical  Matrix in cartesian axes

     q = (   -0.500000000   0.500000000   0.500000000 ) 

    1    1
  0.28249077   0.00000000    -0.02136815   0.00000000    -0.02136815   0.00000000
 -0.02136815   0.00000000     0.28249077   0.00000000     0.02136815   0.00000000
 -0.02136815   0.00000000     0.02136815   0.00000000     0.28249077   0.00000000
    1    2
 -0.15408335   0.00000000    -0.08484102   0.00000000    -0.08484102   0.00000000
 -0.08484102   0.00000000    -0.15408335   0.00000000     0.08484102   0.00000000
 -0.08484102   0.00000000     0.08484102   0.00000000    -0.15408335   0.00000000
    2    1
 -0.15408335   0.00000000    -0.08484102   0.00000000    -0.08484102   0.00000000
 -0.08484102   0.00000000    -0.15408335   0.00000000     0.08484102   0.00000000
 -0.08484102   0.00000000     0.08484102   0.00000000    -0.15408335   0.00000000
    2    2
  0.28249077   0.00000000    -0.02136815   0.00000000    -0.02136815   0.00000000
 -0.02136815   0.00000000     0.28249077   0.00000000     0.02136815   0.00000000
 -0.02136815   0.00000000     0.02136815   0.00000000     0.28249077   0.00000000

     Dynamical  Matrix in cartesian axes

     q = (    0.500000000   0.500000000  -0.500000000 ) 

    1    1
  0.28249077   0.00000000     0.02136815   0.00000000    -0.02136815   0.00000000
  0.02136815   0.00000000     0.28249077   0.00000000    -0.02136815   0.00000000
 -0.02136815   0.00000000    -0.02136815   0.00000000     0.28249077   0.00000000
    1    2
 -0.15408335   0.00000000     0.08484102   0.00000000    -0.08484102   0.00000000
  0.08484102   0.00000000    -0.15408335   0.00000000    -0.08484102   0.00000000
 -0.08484102   0.00000000    -0.08484102   0.00000000    -0.15408335   0.00000000
    2    1
 -0.15408335   0.00000000     0.08484102   0.00000000    -0.08484102   0.00000000
  0.08484102   0.00000000    -0.15408335   0.00000000    -0.08484102   0.00000000
 -0.08484102   0.00000000    -0.08484102   0.00000000    -0.15408335   0.00000000
    2    2
  0.28249077   0.00000000     0.02136815   0.00000000    -0.02136815   0.00000000
  0.02136815   0.00000000     0.28249077   0.00000000    -0.02136815   0.00000000
 -0.02136815   0.00000000    -0.02136815   0.00000000     0.28249077   0.00000000

     Diagonalizing the dynamical matrix

     q = (    0.500000000  -0.500000000   0.500000000 ) 

 **************************************************************************
     freq (    1) =       3.063546 [THz] =     102.188893 [cm-1]
 (  0.571245  0.000000  0.358144  0.000000 -0.213101  0.000000 ) 
 (  0.571245  0.000000  0.358144  0.000000 -0.213101  0.000000 ) 
     freq (    2) =       3.063546 [THz] =     102.188893 [cm-1]
 (  0.083741  0.000000 -0.452842  0.000000 -0.536583  0.000000 ) 
 (  0.083741  0.000000 -0.452842  0.000000 -0.536583  0.000000 ) 
     freq (    3) =      11.441565 [THz] =     381.649513 [cm-1]
 ( -0.408248  0.000000  0.408248  0.000000 -0.408248  0.000000 ) 
 (  0.408248  0.000000 -0.408248  0.000000  0.408248  0.000000 ) 
     freq (    4) =      12.004145 [THz] =     400.415180 [cm-1]
 ( -0.408248  0.000000  0.408248  0.000000 -0.408248  0.000000 ) 
 ( -0.408248  0.000000  0.408248  0.000000 -0.408248  0.000000 ) 
     freq (    5) =      14.540202 [THz] =     485.008934 [cm-1]
 (  0.303584  0.000000 -0.273505  0.000000 -0.577089  0.000000 ) 
 ( -0.303584  0.000000  0.273505  0.000000  0.577089  0.000000 ) 
     freq (    6) =      14.540202 [THz] =     485.008934 [cm-1]
 ( -0.491091  0.000000 -0.508457  0.000000 -0.017366  0.000000 ) 
 (  0.491091  0.000000  0.508457  0.000000  0.017366  0.000000 ) 
 **************************************************************************
