Dynamical matrix file
Ph                                                                         
  1    2  2 10.2000000  0.0000000  0.0000000  0.0000000  0.0000000  0.0000000
           1  'Si  '    25598.822984527003     
    1    1      0.0000000000      0.0000000000      0.0000000000
    2    1      0.2500000000      0.2500000000      0.2500000000

     Dynamical  Matrix in cartesian axes

     q = (    0.000000000   0.500000000   0.000000000 ) 

    1    1
  0.25454953  0.00000000   -0.00000000  0.00000000    0.00000000  0.00000000
 -0.00000000  0.00000000    0.32275728  0.00000000   -0.00000000  0.00000000
  0.00000000  0.00000000   -0.00000000  0.00000000    0.25454953  0.00000000
    1    2
 -0.13050716  0.13050716   -0.00000000  0.00000000   -0.08577419 -0.08577419
 -0.00000000  0.00000000   -0.14231952  0.14231952   -0.00000000  0.00000000
 -0.08577419 -0.08577419   -0.00000000  0.00000000   -0.13050716  0.13050716
    2    1
 -0.13050716 -0.13050716   -0.00000000  0.00000000   -0.08577419  0.08577419
  0.00000000  0.00000000   -0.14231952 -0.14231952   -0.00000000  0.00000000
 -0.08577419  0.08577419   -0.00000000  0.00000000   -0.13050716 -0.13050716
    2    2
  0.25454953  0.00000000    0.00000000  0.00000000    0.00000000  0.00000000
  0.00000000  0.00000000    0.32275728  0.00000000    0.00000000  0.00000000
  0.00000000  0.00000000    0.00000000  0.00000000    0.25454953  0.00000000

     Dynamical  Matrix in cartesian axes

     q = (    0.000000000  -0.500000000   0.000000000 ) 

    1    1
  0.25454953  0.00000000   -0.00000000  0.00000000   -0.00000000  0.00000000
 -0.00000000  0.00000000    0.32275728  0.00000000    0.00000000  0.00000000
 -0.00000000  0.00000000   -0.00000000  0.00000000    0.25454953  0.00000000
    1    2
 -0.13050716 -0.13050716   -0.00000000  0.00000000   -0.08577419  0.08577419
  0.00000000  0.00000000   -0.14231952 -0.14231952    0.00000000  0.00000000
 -0.08577419  0.08577419   -0.00000000  0.00000000   -0.13050716 -0.13050716
    2    1
 -0.13050716  0.13050716    0.00000000  0.00000000   -0.08577419 -0.08577419
  0.00000000  0.00000000   -0.14231952  0.14231952   -0.00000000  0.00000000
 -0.08577419 -0.08577419    0.00000000  0.00000000   -0.13050716  0.13050716
    2    2
  0.25454953  0.00000000   -0.00000000  0.00000000    0.00000000  0.00000000
 -0.00000000  0.00000000    0.32275728  0.00000000    0.00000000  0.00000000
  0.00000000  0.00000000    0.00000000  0.00000000    0.25454953  0.00000000

     Dynamical  Matrix in cartesian axes

     q = (    0.500000000   0.000000000   0.000000000 ) 

    1    1
  0.32275728  0.00000000    0.00000000  0.00000000   -0.00000000  0.00000000
  0.00000000  0.00000000    0.25454953  0.00000000    0.00000000  0.00000000
  0.00000000  0.00000000    0.00000000  0.00000000    0.25454953  0.00000000
    1    2
 -0.14231952  0.14231952    0.00000000  0.00000000   -0.00000000  0.00000000
 -0.00000000  0.00000000   -0.13050716  0.13050716   -0.08577419 -0.08577419
  0.00000000  0.00000000   -0.08577419 -0.08577419   -0.13050716  0.13050716
    2    1
 -0.14231952 -0.14231952    0.00000000  0.00000000   -0.00000000  0.00000000
 -0.00000000  0.00000000   -0.13050716 -0.13050716   -0.08577419  0.08577419
 -0.00000000  0.00000000   -0.08577419  0.08577419   -0.13050716 -0.13050716
    2    2
  0.32275728  0.00000000    0.00000000  0.00000000   -0.00000000  0.00000000
  0.00000000  0.00000000    0.25454953  0.00000000    0.00000000  0.00000000
 -0.00000000  0.00000000    0.00000000  0.00000000    0.25454953  0.00000000

     Dynamical  Matrix in cartesian axes

     q = (    0.000000000   0.000000000   0.500000000 ) 

    1    1
  0.25454953  0.00000000    0.00000000  0.00000000   -0.00000000  0.00000000
  0.00000000  0.00000000    0.25454953  0.00000000   -0.00000000  0.00000000
 -0.00000000  0.00000000    0.00000000  0.00000000    0.32275728  0.00000000
    1    2
 -0.13050716  0.13050716   -0.08577419 -0.08577419   -0.00000000  0.00000000
 -0.08577419 -0.08577419   -0.13050716  0.13050716   -0.00000000  0.00000000
  0.00000000 -0.00000000    0.00000000 -0.00000000   -0.14231952  0.14231952
    2    1
 -0.13050716 -0.13050716   -0.08577419  0.08577419    0.00000000 -0.00000000
 -0.08577419  0.08577419   -0.13050716 -0.13050716   -0.00000000 -0.00000000
 -0.00000000 -0.00000000   -0.00000000 -0.00000000   -0.14231952 -0.14231952
    2    2
  0.25454953  0.00000000    0.00000000  0.00000000    0.00000000  0.00000000
  0.00000000  0.00000000    0.25454953  0.00000000    0.00000000  0.00000000
 -0.00000000  0.00000000    0.00000000  0.00000000    0.32275728  0.00000000

     Dynamical  Matrix in cartesian axes

     q = (    0.000000000   0.000000000  -0.500000000 ) 

    1    1
  0.25454953  0.00000000    0.00000000  0.00000000    0.00000000  0.00000000
 -0.00000000  0.00000000    0.25454953  0.00000000    0.00000000  0.00000000
  0.00000000  0.00000000    0.00000000  0.00000000    0.32275728  0.00000000
    1    2
 -0.13050716 -0.13050716   -0.08577419  0.08577419   -0.00000000  0.00000000
 -0.08577419  0.08577419   -0.13050716 -0.13050716   -0.00000000  0.00000000
  0.00000000 -0.00000000    0.00000000  0.00000000   -0.14231952 -0.14231952
    2    1
 -0.13050716  0.13050716   -0.08577419 -0.08577419   -0.00000000  0.00000000
 -0.08577419 -0.08577419   -0.13050716  0.13050716   -0.00000000 -0.00000000
 -0.00000000  0.00000000   -0.00000000  0.00000000   -0.14231952  0.14231952
    2    2
  0.25454953  0.00000000    0.00000000  0.00000000    0.00000000  0.00000000
  0.00000000  0.00000000    0.25454953  0.00000000    0.00000000  0.00000000
  0.00000000  0.00000000    0.00000000  0.00000000    0.32275728  0.00000000

     Dynamical  Matrix in cartesian axes

     q = (   -0.500000000   0.000000000   0.000000000 ) 

    1    1
  0.32275728  0.00000000   -0.00000000  0.00000000    0.00000000  0.00000000
 -0.00000000  0.00000000    0.25454953  0.00000000    0.00000000  0.00000000
  0.00000000  0.00000000    0.00000000  0.00000000    0.25454953  0.00000000
    1    2
 -0.14231952 -0.14231952   -0.00000000  0.00000000   -0.00000000  0.00000000
  0.00000000  0.00000000   -0.13050716 -0.13050716   -0.08577419  0.08577419
 -0.00000000  0.00000000   -0.08577419  0.08577419   -0.13050716 -0.13050716
    2    1
 -0.14231952  0.14231952    0.00000000  0.00000000    0.00000000  0.00000000
  0.00000000  0.00000000   -0.13050716  0.13050716   -0.08577419 -0.08577419
 -0.00000000 -0.00000000   -0.08577419 -0.08577419   -0.13050716  0.13050716
    2    2
  0.32275728  0.00000000    0.00000000  0.00000000    0.00000000  0.00000000
  0.00000000  0.00000000    0.25454953  0.00000000    0.00000000  0.00000000
  0.00000000  0.00000000    0.00000000  0.00000000    0.25454953  0.00000000

     Diagonalizing the dynamical matrix

     q = (    0.000000000   0.500000000   0.000000000 ) 

 **************************************************************************
     freq (    1) =       3.774153 [THz] =     125.892179 [cm-1]
 (  0.269123  0.210562  0.000000 -0.000000  0.456563 -0.418075 ) 
 (  0.049552 -0.056230  0.000000 -0.000000  0.703124  0.000000 ) 
     freq (    2) =       3.774153 [THz] =     125.892179 [cm-1]
 ( -0.066129 -0.615518  0.000000 -0.000000  0.341124  0.019955 ) 
 (  0.464869 -0.527522  0.000000 -0.000000 -0.074948  0.000000 ) 
     freq (    3) =       7.166879 [THz] =     239.061366 [cm-1]
 ( -0.000000  0.000000  0.547335 -0.447687 -0.000000  0.000000 ) 
 ( -0.000000  0.000000  0.703587  0.070462 -0.000000  0.000000 ) 
     freq (    4) =      14.177462 [THz] =     472.909218 [cm-1]
 ( -0.049954  0.610633 -0.000000  0.000000 -0.340337 -0.093825 ) 
 (  0.558960 -0.427046  0.000000  0.000000 -0.072083  0.000000 ) 
     freq (    5) =      14.177462 [THz] =     472.909218 [cm-1]
 ( -0.281174 -0.213480 -0.000000  0.000000 -0.454899  0.410408 ) 
 (  0.057280 -0.043762  0.000000  0.000000  0.703423  0.000000 ) 
     freq (    6) =      14.884768 [THz] =     496.502415 [cm-1]
 ( -0.000000  0.000000  0.703400 -0.072312 -0.000000 -0.000000 ) 
 (  0.000000 -0.000000 -0.548511 -0.446246  0.000000  0.000000 ) 
 **************************************************************************
