Dynamical matrix file
Ph                                                                         
  1    2  2 10.2000000  0.0000000  0.0000000  0.0000000  0.0000000  0.0000000
           1  'Si  '    25598.822984527003     
    1    1      0.0000000000      0.0000000000      0.0000000000
    2    1      0.2500000000      0.2500000000      0.2500000000

     Dynamical  Matrix in cartesian axes

     q = (    0.500000000   0.000000000   0.500000000 ) 

    1    1
  0.26700845  0.00000000    0.00000000  0.00773308    0.01252403  0.00000000
  0.00000000 -0.00773308    0.28312111  0.00000000    0.00000000 -0.00773308
  0.01252403  0.00000000    0.00000000  0.00773308    0.26700845  0.00000000
    1    2
  0.00000000  0.12867499   -0.08606423  0.00000000    0.00000000 -0.08532256
 -0.08606423  0.00000000   -0.00000000  0.14473251   -0.08606423  0.00000000
  0.00000000 -0.08532256   -0.08606423  0.00000000    0.00000000  0.12867499
    2    1
  0.00000000 -0.12867499   -0.08606423  0.00000000    0.00000000  0.08532256
 -0.08606423  0.00000000   -0.00000000 -0.14473251   -0.08606423  0.00000000
  0.00000000  0.08532256   -0.08606423  0.00000000   -0.00000000 -0.12867499
    2    2
  0.26700845  0.00000000    0.00000000 -0.00773308    0.01252403  0.00000000
  0.00000000  0.00773308    0.28312111  0.00000000    0.00000000  0.00773308
  0.01252403  0.00000000    0.00000000 -0.00773308    0.26700845  0.00000000

     Dynamical  Matrix in cartesian axes

     q = (   -0.500000000   0.000000000   0.500000000 ) 

    1    1
  0.26700845  0.00000000    0.00000000  0.00773308   -0.01252403  0.00000000
  0.00000000 -0.00773308    0.28312111  0.00000000    0.00000000  0.00773308
 -0.01252403  0.00000000    0.00000000 -0.00773308    0.26700845  0.00000000
    1    2
 -0.12867499  0.00000000    0.00000000 -0.08606423   -0.08532256  0.00000000
  0.00000000 -0.08606423   -0.14473251  0.00000000    0.00000000  0.08606423
 -0.08532256  0.00000000    0.00000000  0.08606423   -0.12867499  0.00000000
    2    1
 -0.12867499  0.00000000    0.00000000  0.08606423   -0.08532256  0.00000000
  0.00000000  0.08606423   -0.14473251  0.00000000    0.00000000 -0.08606423
 -0.08532256  0.00000000    0.00000000 -0.08606423   -0.12867499  0.00000000
    2    2
  0.26700845  0.00000000    0.00000000 -0.00773308   -0.01252403  0.00000000
  0.00000000  0.00773308    0.28312111  0.00000000    0.00000000 -0.00773308
 -0.01252403  0.00000000    0.00000000  0.00773308    0.26700845  0.00000000

     Dynamical  Matrix in cartesian axes

     q = (   -0.500000000   0.000000000  -0.500000000 ) 

    1    1
  0.26700845  0.00000000    0.00000000 -0.00773308    0.01252403  0.00000000
  0.00000000  0.00773308    0.28312111  0.00000000    0.00000000  0.00773308
  0.01252403  0.00000000    0.00000000 -0.00773308    0.26700845  0.00000000
    1    2
  0.00000000 -0.12867499   -0.08606423  0.00000000    0.00000000  0.08532256
 -0.08606423  0.00000000   -0.00000000 -0.14473251   -0.08606423  0.00000000
  0.00000000  0.08532256   -0.08606423  0.00000000   -0.00000000 -0.12867499
    2    1
  0.00000000  0.12867499   -0.08606423  0.00000000    0.00000000 -0.08532256
 -0.08606423  0.00000000   -0.00000000  0.14473251   -0.08606423  0.00000000
  0.00000000 -0.08532256   -0.08606423  0.00000000    0.00000000  0.12867499
    2    2
  0.26700845  0.00000000    0.00000000  0.00773308    0.01252403  0.00000000
  0.00000000 -0.00773308    0.28312111  0.00000000    0.00000000 -0.00773308
  0.01252403  0.00000000    0.00000000  0.00773308    0.26700845  0.00000000

     Dynamical  Matrix in cartesian axes

     q = (    0.500000000   0.000000000  -0.500000000 ) 

    1    1
  0.26700845  0.00000000    0.00000000 -0.00773308   -0.01252403  0.00000000
  0.00000000  0.00773308    0.28312111  0.00000000    0.00000000 -0.00773308
 -0.01252403  0.00000000    0.00000000  0.00773308    0.26700845  0.00000000
    1    2
 -0.12867499  0.00000000    0.00000000  0.08606423   -0.08532256  0.00000000
  0.00000000  0.08606423   -0.14473251 -0.00000000    0.00000000 -0.08606423
 -0.08532256 -0.00000000    0.00000000 -0.08606423   -0.12867499 -0.00000000
    2    1
 -0.12867499  0.00000000    0.00000000 -0.08606423   -0.08532256 -0.00000000
  0.00000000 -0.08606423   -0.14473251 -0.00000000    0.00000000  0.08606423
 -0.08532256  0.00000000    0.00000000  0.08606423   -0.12867499 -0.00000000
    2    2
  0.26700845  0.00000000    0.00000000  0.00773308   -0.01252403  0.00000000
  0.00000000 -0.00773308    0.28312111  0.00000000    0.00000000  0.00773308
 -0.01252403  0.00000000    0.00000000 -0.00773308    0.26700845  0.00000000

     Dynamical  Matrix in cartesian axes

     q = (    0.000000000   0.500000000  -0.500000000 ) 

    1    1
  0.28312111  0.00000000    0.00000000  0.00773308    0.00000000 -0.00773308
  0.00000000 -0.00773308    0.26700845  0.00000000   -0.01252403  0.00000000
  0.00000000  0.00773308   -0.01252403  0.00000000    0.26700845  0.00000000
    1    2
 -0.14473251  0.00000000    0.00000000  0.08606423    0.00000000 -0.08606423
  0.00000000  0.08606423   -0.12867499  0.00000000   -0.08532256  0.00000000
  0.00000000 -0.08606423   -0.08532256  0.00000000   -0.12867499  0.00000000
    2    1
 -0.14473251  0.00000000    0.00000000 -0.08606423    0.00000000  0.08606423
  0.00000000 -0.08606423   -0.12867499  0.00000000   -0.08532256 -0.00000000
  0.00000000  0.08606423   -0.08532256 -0.00000000   -0.12867499  0.00000000
    2    2
  0.28312111  0.00000000    0.00000000 -0.00773308    0.00000000  0.00773308
  0.00000000  0.00773308    0.26700845  0.00000000   -0.01252403  0.00000000
  0.00000000 -0.00773308   -0.01252403  0.00000000    0.26700845  0.00000000

     Dynamical  Matrix in cartesian axes

     q = (   -0.500000000   0.500000000   0.000000000 ) 

    1    1
  0.26700845  0.00000000   -0.01252403  0.00000000    0.00000000  0.00773308
 -0.01252403  0.00000000    0.26700845  0.00000000    0.00000000 -0.00773308
  0.00000000 -0.00773308    0.00000000  0.00773308    0.28312111  0.00000000
    1    2
 -0.12867499  0.00000000   -0.08532256  0.00000000    0.00000000 -0.08606423
 -0.08532256 -0.00000000   -0.12867499 -0.00000000    0.00000000  0.08606423
  0.00000000 -0.08606423    0.00000000  0.08606423   -0.14473251 -0.00000000
    2    1
 -0.12867499  0.00000000   -0.08532256  0.00000000    0.00000000  0.08606423
 -0.08532256  0.00000000   -0.12867499  0.00000000    0.00000000 -0.08606423
  0.00000000  0.08606423    0.00000000 -0.08606423   -0.14473251  0.00000000
    2    2
  0.26700845  0.00000000   -0.01252403  0.00000000    0.00000000 -0.00773308
 -0.01252403  0.00000000    0.26700845  0.00000000    0.00000000  0.00773308
  0.00000000  0.00773308    0.00000000 -0.00773308    0.28312111  0.00000000

     Dynamical  Matrix in cartesian axes

     q = (    0.000000000   0.500000000   0.500000000 ) 

    1    1
  0.28312111  0.00000000    0.00000000 -0.00773308    0.00000000 -0.00773308
  0.00000000  0.00773308    0.26700845  0.00000000    0.01252403  0.00000000
  0.00000000  0.00773308    0.01252403  0.00000000    0.26700845  0.00000000
    1    2
  0.00000000  0.14473251   -0.08606423  0.00000000   -0.08606423  0.00000000
 -0.08606423  0.00000000    0.00000000  0.12867499    0.00000000 -0.08532256
 -0.08606423  0.00000000    0.00000000 -0.08532256    0.00000000  0.12867499
    2    1
  0.00000000 -0.14473251   -0.08606423  0.00000000   -0.08606423  0.00000000
 -0.08606423  0.00000000    0.00000000 -0.12867499    0.00000000  0.08532256
 -0.08606423  0.00000000    0.00000000  0.08532256    0.00000000 -0.12867499
    2    2
  0.28312111  0.00000000    0.00000000  0.00773308    0.00000000  0.00773308
  0.00000000 -0.00773308    0.26700845  0.00000000    0.01252403  0.00000000
  0.00000000 -0.00773308    0.01252403  0.00000000    0.26700845  0.00000000

     Dynamical  Matrix in cartesian axes

     q = (    0.000000000  -0.500000000  -0.500000000 ) 

    1    1
  0.28312111  0.00000000    0.00000000  0.00773308    0.00000000  0.00773308
  0.00000000 -0.00773308    0.26700845  0.00000000    0.01252403  0.00000000
  0.00000000 -0.00773308    0.01252403  0.00000000    0.26700845  0.00000000
    1    2
  0.00000000 -0.14473251   -0.08606423  0.00000000   -0.08606423  0.00000000
 -0.08606423  0.00000000    0.00000000 -0.12867499    0.00000000  0.08532256
 -0.08606423  0.00000000    0.00000000  0.08532256    0.00000000 -0.12867499
    2    1
 -0.00000000  0.14473251   -0.08606423  0.00000000   -0.08606423  0.00000000
 -0.08606423  0.00000000   -0.00000000  0.12867499    0.00000000 -0.08532256
 -0.08606423  0.00000000    0.00000000 -0.08532256   -0.00000000  0.12867499
    2    2
  0.28312111  0.00000000    0.00000000 -0.00773308    0.00000000 -0.00773308
  0.00000000  0.00773308    0.26700845  0.00000000    0.01252403  0.00000000
  0.00000000  0.00773308    0.01252403  0.00000000    0.26700845  0.00000000

     Dynamical  Matrix in cartesian axes

     q = (    0.500000000   0.500000000   0.000000000 ) 

    1    1
  0.26700845  0.00000000    0.01252403  0.00000000    0.00000000  0.00773308
  0.01252403  0.00000000    0.26700845  0.00000000    0.00000000  0.00773308
  0.00000000 -0.00773308    0.00000000 -0.00773308    0.28312111  0.00000000
    1    2
  0.00000000  0.12867499    0.00000000 -0.08532256   -0.08606423  0.00000000
  0.00000000 -0.08532256   -0.00000000  0.12867499   -0.08606423  0.00000000
 -0.08606423  0.00000000   -0.08606423  0.00000000   -0.00000000  0.14473251
    2    1
 -0.00000000 -0.12867499    0.00000000  0.08532256   -0.08606423  0.00000000
  0.00000000  0.08532256   -0.00000000 -0.12867499   -0.08606423  0.00000000
 -0.08606423  0.00000000   -0.08606423  0.00000000   -0.00000000 -0.14473251
    2    2
  0.26700845  0.00000000    0.01252403  0.00000000    0.00000000 -0.00773308
  0.01252403  0.00000000    0.26700845  0.00000000    0.00000000 -0.00773308
  0.00000000  0.00773308    0.00000000  0.00773308    0.28312111  0.00000000

     Dynamical  Matrix in cartesian axes

     q = (    0.500000000  -0.500000000   0.000000000 ) 

    1    1
  0.26700845  0.00000000   -0.01252403  0.00000000    0.00000000 -0.00773308
 -0.01252403  0.00000000    0.26700845  0.00000000    0.00000000  0.00773308
  0.00000000  0.00773308    0.00000000 -0.00773308    0.28312111  0.00000000
    1    2
 -0.12867499  0.00000000   -0.08532256  0.00000000    0.00000000  0.08606423
 -0.08532256  0.00000000   -0.12867499  0.00000000    0.00000000 -0.08606423
  0.00000000  0.08606423    0.00000000 -0.08606423   -0.14473251  0.00000000
    2    1
 -0.12867499  0.00000000   -0.08532256  0.00000000    0.00000000 -0.08606423
 -0.08532256  0.00000000   -0.12867499  0.00000000    0.00000000  0.08606423
  0.00000000 -0.08606423    0.00000000  0.08606423   -0.14473251  0.00000000
    2    2
  0.26700845  0.00000000   -0.01252403  0.00000000    0.00000000  0.00773308
 -0.01252403  0.00000000    0.26700845  0.00000000    0.00000000 -0.00773308
  0.00000000 -0.00773308    0.00000000  0.00773308    0.28312111  0.00000000

     Dynamical  Matrix in cartesian axes

     q = (   -0.500000000  -0.500000000   0.000000000 ) 

    1    1
  0.26700845  0.00000000    0.01252403  0.00000000    0.00000000 -0.00773308
  0.01252403  0.00000000    0.26700845  0.00000000    0.00000000 -0.00773308
  0.00000000  0.00773308    0.00000000  0.00773308    0.28312111  0.00000000
    1    2
 -0.00000000 -0.12867499    0.00000000  0.08532256   -0.08606423  0.00000000
  0.00000000  0.08532256   -0.00000000 -0.12867499   -0.08606423  0.00000000
 -0.08606423  0.00000000   -0.08606423  0.00000000   -0.00000000 -0.14473251
    2    1
  0.00000000  0.12867499    0.00000000 -0.08532256   -0.08606423  0.00000000
  0.00000000 -0.08532256   -0.00000000  0.12867499   -0.08606423  0.00000000
 -0.08606423  0.00000000   -0.08606423  0.00000000   -0.00000000  0.14473251
    2    2
  0.26700845  0.00000000    0.01252403  0.00000000    0.00000000  0.00773308
  0.01252403  0.00000000    0.26700845  0.00000000    0.00000000  0.00773308
  0.00000000 -0.00773308    0.00000000 -0.00773308    0.28312111  0.00000000

     Dynamical  Matrix in cartesian axes

     q = (    0.000000000  -0.500000000   0.500000000 ) 

    1    1
  0.28312111  0.00000000    0.00000000 -0.00773308    0.00000000  0.00773308
  0.00000000  0.00773308    0.26700845  0.00000000   -0.01252403  0.00000000
  0.00000000 -0.00773308   -0.01252403  0.00000000    0.26700845  0.00000000
    1    2
 -0.14473251  0.00000000    0.00000000 -0.08606423    0.00000000  0.08606423
  0.00000000 -0.08606423   -0.12867499  0.00000000   -0.08532256 -0.00000000
  0.00000000  0.08606423   -0.08532256 -0.00000000   -0.12867499  0.00000000
    2    1
 -0.14473251  0.00000000    0.00000000  0.08606423    0.00000000 -0.08606423
  0.00000000  0.08606423   -0.12867499  0.00000000   -0.08532256  0.00000000
  0.00000000 -0.08606423   -0.08532256  0.00000000   -0.12867499  0.00000000
    2    2
  0.28312111  0.00000000    0.00000000  0.00773308    0.00000000 -0.00773308
  0.00000000 -0.00773308    0.26700845  0.00000000   -0.01252403  0.00000000
  0.00000000  0.00773308   -0.01252403  0.00000000    0.26700845  0.00000000

     Diagonalizing the dynamical matrix

     q = (    0.500000000   0.000000000   0.500000000 ) 

 **************************************************************************
     freq (    1) =       4.137349 [THz] =     138.007118 [cm-1]
 ( -0.000000 -0.500000 -0.000000  0.000000 -0.000000  0.500000 ) 
 (  0.500000  0.000000 -0.000000 -0.000000 -0.500000  0.000000 ) 
     freq (    2) =       6.046751 [THz] =     201.697907 [cm-1]
 (  0.000000 -0.212157 -0.640296 -0.000000  0.000000 -0.212157 ) 
 ( -0.212157 -0.000000  0.000000 -0.640296 -0.212157  0.000000 ) 
     freq (    3) =       8.437161 [THz] =     281.433381 [cm-1]
 ( -0.000000 -0.445201  0.321858 -0.000000 -0.000000 -0.445201 ) 
 (  0.445201 -0.000000  0.000000 -0.321858  0.445201  0.000000 ) 
     freq (    4) =      12.588131 [THz] =     419.894850 [cm-1]
 ( -0.000000 -0.452757  0.300036  0.000000 -0.000000 -0.452757 ) 
 ( -0.452757 -0.000000  0.000000  0.300036 -0.452757  0.000000 ) 
     freq (    5) =      14.073803 [THz] =     469.451547 [cm-1]
 (  0.000000 -0.500000 -0.000000 -0.000000  0.000000  0.500000 ) 
 ( -0.500000  0.000000 -0.000000  0.000000  0.500000  0.000000 ) 
     freq (    6) =      14.476346 [THz] =     482.878912 [cm-1]
 ( -0.000000 -0.227588 -0.629609  0.000000 -0.000000 -0.227588 ) 
 (  0.227588 -0.000000  0.000000  0.629609  0.227588  0.000000 ) 
 **************************************************************************
