Dynamical matrix file
Ph                                                                         
  1    2  2 10.2000000  0.0000000  0.0000000  0.0000000  0.0000000  0.0000000
           1  'Si  '    25598.822984527003     
    1    1      0.0000000000      0.0000000000      0.0000000000
    2    1      0.2500000000      0.2500000000      0.2500000000

     Dynamical  Matrix in cartesian axes

     q = (    0.000000000  -1.000000000   0.000000000 ) 

    1    1
  0.23475216  0.00000000    0.00000000  0.00000000    0.00000000  0.00000000
  0.00000000  0.00000000    0.34410064  0.00000000    0.00000000  0.00000000
  0.00000000  0.00000000    0.00000000  0.00000000    0.23475216  0.00000000
    1    2
 -0.00000000 -0.00000000   -0.00000000  0.00000000   -0.19749193  0.00000000
 -0.00000000  0.00000000   -0.00000000  0.00000000    0.00000000  0.00000000
 -0.19749193  0.00000000    0.00000000  0.00000000   -0.00000000 -0.00000000
    2    1
  0.00000000  0.00000000   -0.00000000 -0.00000000   -0.19749193 -0.00000000
  0.00000000 -0.00000000   -0.00000000  0.00000000    0.00000000 -0.00000000
 -0.19749193 -0.00000000    0.00000000 -0.00000000    0.00000000  0.00000000
    2    2
  0.23475216  0.00000000    0.00000000  0.00000000    0.00000000  0.00000000
  0.00000000  0.00000000    0.34410064  0.00000000    0.00000000  0.00000000
  0.00000000  0.00000000    0.00000000  0.00000000    0.23475216  0.00000000

     Dynamical  Matrix in cartesian axes

     q = (   -1.000000000   0.000000000   0.000000000 ) 

    1    1
  0.34410064  0.00000000    0.00000000  0.00000000    0.00000000  0.00000000
  0.00000000  0.00000000    0.23475216  0.00000000   -0.00000000  0.00000000
  0.00000000  0.00000000   -0.00000000  0.00000000    0.23475216  0.00000000
    1    2
  0.00000000 -0.00000000    0.00000000  0.00000000   -0.00000000  0.00000000
  0.00000000 -0.00000000    0.00000000 -0.00000000   -0.19749193  0.00000000
  0.00000000  0.00000000   -0.19749193  0.00000000   -0.00000000  0.00000000
    2    1
  0.00000000  0.00000000    0.00000000 -0.00000000    0.00000000  0.00000000
  0.00000000 -0.00000000    0.00000000  0.00000000   -0.19749193 -0.00000000
 -0.00000000  0.00000000   -0.19749193 -0.00000000   -0.00000000  0.00000000
    2    2
  0.34410064  0.00000000   -0.00000000  0.00000000    0.00000000  0.00000000
  0.00000000  0.00000000    0.23475216  0.00000000   -0.00000000  0.00000000
 -0.00000000  0.00000000   -0.00000000  0.00000000    0.23475216  0.00000000

     Dynamical  Matrix in cartesian axes

     q = (    0.000000000   0.000000000  -1.000000000 ) 

    1    1
  0.23475216  0.00000000    0.00000000  0.00000000   -0.00000000  0.00000000
  0.00000000  0.00000000    0.23475216  0.00000000   -0.00000000  0.00000000
  0.00000000  0.00000000   -0.00000000  0.00000000    0.34410064  0.00000000
    1    2
 -0.00000000  0.00000000   -0.19749193  0.00000000   -0.00000000  0.00000000
 -0.19749193  0.00000000    0.00000000  0.00000000    0.00000000  0.00000000
 -0.00000000  0.00000000    0.00000000  0.00000000   -0.00000000  0.00000000
    2    1
 -0.00000000  0.00000000   -0.19749193 -0.00000000   -0.00000000  0.00000000
 -0.19749193 -0.00000000    0.00000000  0.00000000    0.00000000 -0.00000000
 -0.00000000  0.00000000    0.00000000 -0.00000000   -0.00000000  0.00000000
    2    2
  0.23475216  0.00000000    0.00000000  0.00000000    0.00000000  0.00000000
  0.00000000  0.00000000    0.23475216  0.00000000   -0.00000000  0.00000000
  0.00000000  0.00000000    0.00000000  0.00000000    0.34410064  0.00000000

     Diagonalizing the dynamical matrix

     q = (    0.000000000  -1.000000000   0.000000000 ) 

 **************************************************************************
     freq (    1) =       3.969061 [THz] =     132.393626 [cm-1]
 ( -0.605603  0.000000  0.000000 -0.000000  0.365028  0.000000 ) 
 (  0.365028  0.000000  0.000000 -0.000000 -0.605603  0.000000 ) 
     freq (    2) =       3.969061 [THz] =     132.393626 [cm-1]
 (  0.365028  0.000000  0.000000  0.000000  0.605603 -0.000000 ) 
 (  0.605603 -0.000000  0.000000  0.000000  0.365028  0.000000 ) 
     freq (    3) =      12.061679 [THz] =     402.334315 [cm-1]
 (  0.000000  0.000000 -0.993507  0.000000  0.000000  0.000000 ) 
 ( -0.000000  0.000000  0.113772  0.000000 -0.000000  0.000000 ) 
     freq (    4) =      12.061679 [THz] =     402.334315 [cm-1]
 (  0.000000  0.000000  0.113772  0.000000 -0.000000  0.000000 ) 
 (  0.000000  0.000000  0.993507  0.000000  0.000000  0.000000 ) 
     freq (    5) =      13.518533 [THz] =     450.929726 [cm-1]
 (  0.111491  0.000000 -0.000000  0.000000 -0.698262  0.000000 ) 
 (  0.698262  0.000000 -0.000000  0.000000 -0.111491  0.000000 ) 
     freq (    6) =      13.518533 [THz] =     450.929726 [cm-1]
 (  0.698262  0.000000  0.000000  0.000000  0.111491  0.000000 ) 
 ( -0.111491  0.000000 -0.000000  0.000000 -0.698262  0.000000 ) 
 **************************************************************************
