Dynamical matrix file
Ph                                                                         
  1    2   2  10.2000000   0.0000000   0.0000000   0.0000000   0.0000000   0.0000000
           1  'Si  '    25598.823011949724     
    1    1      0.0000000000      0.0000000000      0.0000000000
    2    1      0.2500000000      0.2500000000      0.2500000000

     Dynamical  Matrix in cartesian axes

     q = (   -0.500000000  -1.000000000   0.000000000 ) 

    1    1
  0.23998080  -0.00000000     0.00000000   0.00000000    -0.00000000  -0.00000000
  0.00000000   0.00000000     0.27842426  -0.00000000     0.00000000  -0.01754134
 -0.00000000  -0.00000000     0.00000000   0.01754134     0.27842426  -0.00000000
    1    2
  0.00000000   0.00000000    -0.08518288   0.08518288    -0.08518288  -0.08518288
 -0.08518288   0.08518288     0.00000000   0.00000000    -0.00000000  -0.00000000
 -0.08518288  -0.08518288     0.00000000  -0.00000000     0.00000000   0.00000000
    2    1
  0.00000000  -0.00000000    -0.08518288  -0.08518288    -0.08518288   0.08518288
 -0.08518288  -0.08518288     0.00000000  -0.00000000    -0.00000000   0.00000000
 -0.08518288   0.08518288    -0.00000000   0.00000000     0.00000000  -0.00000000
    2    2
  0.23998080  -0.00000000     0.00000000   0.00000000    -0.00000000  -0.00000000
  0.00000000   0.00000000     0.27842426  -0.00000000     0.00000000   0.01754134
 -0.00000000  -0.00000000     0.00000000  -0.01754134     0.27842426  -0.00000000

     Dynamical  Matrix in cartesian axes

     q = (    0.000000000   1.000000000   0.500000000 ) 

    1    1
  0.27842426  -0.00000000     0.00000000  -0.01754134    -0.00000000  -0.00000000
  0.00000000   0.01754134     0.27842426  -0.00000000     0.00000000   0.00000000
  0.00000000  -0.00000000     0.00000000  -0.00000000     0.23998080  -0.00000000
    1    2
  0.00000000   0.00000000    -0.00000000  -0.00000000    -0.08518288   0.08518288
  0.00000000   0.00000000    -0.00000000  -0.00000000    -0.08518288  -0.08518288
 -0.08518288   0.08518288    -0.08518288  -0.08518288     0.00000000   0.00000000
    2    1
 -0.00000000  -0.00000000     0.00000000  -0.00000000    -0.08518288  -0.08518288
 -0.00000000   0.00000000     0.00000000   0.00000000    -0.08518288   0.08518288
 -0.08518288  -0.08518288    -0.08518288   0.08518288     0.00000000   0.00000000
    2    2
  0.27842426  -0.00000000    -0.00000000   0.01754134     0.00000000  -0.00000000
 -0.00000000  -0.01754134     0.27842426  -0.00000000    -0.00000000   0.00000000
  0.00000000  -0.00000000    -0.00000000   0.00000000     0.23998080  -0.00000000

     Dynamical  Matrix in cartesian axes

     q = (    0.000000000  -1.000000000  -0.500000000 ) 

    1    1
  0.27842426  -0.00000000    -0.00000000   0.01754134     0.00000000  -0.00000000
 -0.00000000  -0.01754134     0.27842426  -0.00000000    -0.00000000   0.00000000
  0.00000000  -0.00000000    -0.00000000   0.00000000     0.23998080  -0.00000000
    1    2
 -0.00000000   0.00000000     0.00000000   0.00000000    -0.08518288  -0.08518288
 -0.00000000   0.00000000     0.00000000   0.00000000    -0.08518288   0.08518288
 -0.08518288  -0.08518288    -0.08518288   0.08518288     0.00000000   0.00000000
    2    1
 -0.00000000  -0.00000000    -0.00000000  -0.00000000    -0.08518288   0.08518288
 -0.00000000   0.00000000    -0.00000000   0.00000000    -0.08518288  -0.08518288
 -0.08518288   0.08518288    -0.08518288  -0.08518288    -0.00000000   0.00000000
    2    2
  0.27842426  -0.00000000     0.00000000  -0.01754134    -0.00000000  -0.00000000
  0.00000000   0.01754134     0.27842426  -0.00000000     0.00000000   0.00000000
  0.00000000  -0.00000000     0.00000000  -0.00000000     0.23998080  -0.00000000

     Dynamical  Matrix in cartesian axes

     q = (    0.500000000   1.000000000   0.000000000 ) 

    1    1
  0.23998080  -0.00000000     0.00000000   0.00000000    -0.00000000  -0.00000000
  0.00000000   0.00000000     0.27842426  -0.00000000     0.00000000   0.01754134
 -0.00000000  -0.00000000     0.00000000  -0.01754134     0.27842426  -0.00000000
    1    2
  0.00000000  -0.00000000    -0.08518288  -0.08518288    -0.08518288   0.08518288
 -0.08518288  -0.08518288     0.00000000  -0.00000000    -0.00000000   0.00000000
 -0.08518288   0.08518288    -0.00000000   0.00000000     0.00000000  -0.00000000
    2    1
  0.00000000   0.00000000    -0.08518288   0.08518288    -0.08518288  -0.08518288
 -0.08518288   0.08518288     0.00000000   0.00000000    -0.00000000  -0.00000000
 -0.08518288  -0.08518288    -0.00000000  -0.00000000     0.00000000   0.00000000
    2    2
  0.23998080  -0.00000000     0.00000000   0.00000000    -0.00000000  -0.00000000
  0.00000000   0.00000000     0.27842426  -0.00000000     0.00000000  -0.01754134
 -0.00000000  -0.00000000     0.00000000   0.01754134     0.27842426  -0.00000000

     Dynamical  Matrix in cartesian axes

     q = (   -1.000000000  -0.500000000   0.000000000 ) 

    1    1
  0.27842426  -0.00000000     0.00000000   0.00000000     0.00000000  -0.01754134
  0.00000000   0.00000000     0.23998080  -0.00000000     0.00000000   0.00000000
  0.00000000   0.01754134     0.00000000   0.00000000     0.27842426  -0.00000000
    1    2
 -0.00000000   0.00000000    -0.08518288   0.08518288    -0.00000000   0.00000000
 -0.08518288   0.08518288    -0.00000000   0.00000000    -0.08518288  -0.08518288
 -0.00000000   0.00000000    -0.08518288  -0.08518288    -0.00000000   0.00000000
    2    1
  0.00000000  -0.00000000    -0.08518288  -0.08518288     0.00000000  -0.00000000
 -0.08518288  -0.08518288    -0.00000000   0.00000000    -0.08518288   0.08518288
  0.00000000   0.00000000    -0.08518288   0.08518288     0.00000000   0.00000000
    2    2
  0.27842426  -0.00000000     0.00000000   0.00000000    -0.00000000   0.01754134
  0.00000000   0.00000000     0.23998080  -0.00000000    -0.00000000  -0.00000000
  0.00000000  -0.01754134     0.00000000   0.00000000     0.27842426  -0.00000000

     Dynamical  Matrix in cartesian axes

     q = (    0.000000000  -0.500000000  -1.000000000 ) 

    1    1
  0.27842426  -0.00000000     0.00000000   0.00000000    -0.00000000   0.01754134
  0.00000000   0.00000000     0.23998080  -0.00000000    -0.00000000  -0.00000000
 -0.00000000  -0.01754134     0.00000000   0.00000000     0.27842426  -0.00000000
    1    2
  0.00000000   0.00000000    -0.08518288  -0.08518288     0.00000000   0.00000000
 -0.08518288  -0.08518288     0.00000000  -0.00000000    -0.08518288   0.08518288
  0.00000000   0.00000000    -0.08518288   0.08518288     0.00000000   0.00000000
    2    1
  0.00000000  -0.00000000    -0.08518288   0.08518288     0.00000000  -0.00000000
 -0.08518288   0.08518288     0.00000000  -0.00000000    -0.08518288  -0.08518288
  0.00000000   0.00000000    -0.08518288  -0.08518288     0.00000000   0.00000000
    2    2
  0.27842426  -0.00000000    -0.00000000   0.00000000     0.00000000  -0.01754134
  0.00000000   0.00000000     0.23998080  -0.00000000     0.00000000   0.00000000
  0.00000000   0.01754134     0.00000000   0.00000000     0.27842426  -0.00000000

     Diagonalizing the dynamical matrix

     q = (   -0.500000000  -1.000000000   0.000000000 ) 

 **************************************************************************
     freq (    1) =       6.348397 [THz] =     211.759719 [cm-1]
 ( -0.516504 -0.516504 -0.102984  0.080760 -0.080760 -0.102984 ) 
 ( -0.216398 -0.026174  0.000000 -0.438564 -0.438564  0.000000 ) 
     freq (    2) =       6.348397 [THz] =     211.759719 [cm-1]
 (  0.154132  0.154132 -0.345106  0.270630 -0.270630 -0.345106 ) 
 ( -0.725162 -0.087711 -0.000000  0.130874  0.130874  0.000000 ) 
     freq (    3) =      10.502383 [THz] =     350.321791 [cm-1]
 ( -0.000000 -0.000000 -0.470853 -0.470853 -0.470853  0.470853 ) 
 ( -0.000000 -0.000000 -0.000000 -0.237896  0.237896  0.000000 ) 
     freq (    4) =      10.502383 [THz] =     350.321791 [cm-1]
 (  0.000000  0.000000 -0.168218 -0.168218 -0.168218  0.168218 ) 
 ( -0.000000 -0.000000  0.000000  0.665887 -0.665887  0.000000 ) 
     freq (    5) =      13.648935 [THz] =     455.279482 [cm-1]
 ( -0.457675 -0.457675  0.000000 -0.000000  0.000000  0.000000 ) 
 ( -0.000000 -0.000000  0.000000  0.539012  0.539012  0.000000 ) 
     freq (    6) =      13.648935 [THz] =     455.279482 [cm-1]
 (  0.000000  0.000000  0.424148 -0.332614  0.332614  0.424148 ) 
 ( -0.642567 -0.077721 -0.000000  0.000000 -0.000000  0.000000 ) 
 **************************************************************************
