Dynamical matrix file
Ph                                                                         
  1    2  2 10.4000000  0.0000000  0.0000000  0.0000000  0.0000000  0.0000000
           1  'Si  '    25598.822984527003     
    1    1      0.0000000000      0.0000000000      0.0000000000
    2    1      0.2500000000      0.2500000000      0.2500000000

     Dynamical  Matrix in cartesian axes

     q = (    0.000000000   0.000000000   0.000000000 ) 

    1    1
  0.25514847  0.00000000    0.00000000  0.00000000    0.00000000  0.00000000
  0.00000000  0.00000000    0.25514847  0.00000000   -0.00000000  0.00000000
  0.00000000  0.00000000   -0.00000000  0.00000000    0.25514847  0.00000000
    1    2
 -0.25510959  0.00000000    0.00000000  0.00000000    0.00000000  0.00000000
 -0.00000000  0.00000000   -0.25510959  0.00000000   -0.00000000  0.00000000
  0.00000000  0.00000000   -0.00000000  0.00000000   -0.25510959  0.00000000
    2    1
 -0.25510959  0.00000000    0.00000000  0.00000000   -0.00000000  0.00000000
  0.00000000  0.00000000   -0.25510959  0.00000000   -0.00000000  0.00000000
 -0.00000000  0.00000000    0.00000000  0.00000000   -0.25510959  0.00000000
    2    2
  0.25514847  0.00000000    0.00000000  0.00000000    0.00000000  0.00000000
  0.00000000  0.00000000    0.25514847  0.00000000   -0.00000000  0.00000000
  0.00000000  0.00000000   -0.00000000  0.00000000    0.25514847  0.00000000

     Dielectric Tensor:

         26.045774758671          0.000000000000          0.000000000000
          0.000000000000         26.045774758671         -0.000000000000
         -0.000000000000         -0.000000000000         26.045774758671

     Effective Charges E-U: Z_{alpha}{s,beta}

     atom #    1
         -1.236638784545          0.000000000000          0.000000000000
          0.000000000000         -1.236638784545         -0.000000000000
          0.000000000000         -0.000000000000         -1.236638784545
     atom #    2
         -1.236638784545          0.000000000000          0.000000000000
          0.000000000000         -1.236638784545          0.000000000000
         -0.000000000000          0.000000000000         -1.236638784545

     Effective Charges U-E: Z_{s,alpha}{beta}

     atom #    1
     -0.123663865707E+01      0.133226762955E-14      0.444089209850E-15
      0.177635683940E-14     -0.123663865707E+01     -0.888178419700E-15
      0.888178419700E-15     -0.888178419700E-15     -0.123663865707E+01
     atom #    2
     -0.123663865707E+01      0.444089209850E-15      0.222044604925E-14
      0.177635683940E-14     -0.123663865707E+01     -0.177635683940E-14
      0.177635683940E-14     -0.355271367880E-14     -0.123663865707E+01

     Diagonalizing the dynamical matrix

     q = (    0.000000000   0.000000000   0.000000000 ) 

 **************************************************************************
     freq (    1) =       0.128209 [THz] =       4.276583 [cm-1]
 (  0.355682 -0.000000  0.463631  0.000000 -0.398167  0.000000 ) 
 (  0.355682 -0.000000  0.463631  0.000000 -0.398167  0.000000 ) 
     freq (    2) =       0.128209 [THz] =       4.276583 [cm-1]
 (  0.354247  0.000000  0.218993  0.000000  0.571446  0.000000 ) 
 (  0.354247  0.000000  0.218993  0.000000  0.571446  0.000000 ) 
     freq (    3) =       0.128209 [THz] =       4.276583 [cm-1]
 ( -0.497995  0.000000  0.486917  0.000000  0.122115  0.000000 ) 
 ( -0.497995  0.000000  0.486917  0.000000  0.122115  0.000000 ) 
     freq (    4) =      14.687909 [THz] =     489.935906 [cm-1]
 (  0.369840  0.000000  0.602676  0.000000 -0.000000  0.000000 ) 
 ( -0.369840  0.000000 -0.602676  0.000000  0.000000  0.000000 ) 
     freq (    5) =      14.687909 [THz] =     489.935906 [cm-1]
 ( -0.510648  0.000000  0.313365  0.000000  0.375555  0.000000 ) 
 (  0.510648  0.000000 -0.313365  0.000000 -0.375555  0.000000 ) 
     freq (    6) =      14.687909 [THz] =     489.935906 [cm-1]
 (  0.320090  0.000000 -0.196427  0.000000  0.599132  0.000000 ) 
 ( -0.320090  0.000000  0.196427  0.000000 -0.599132  0.000000 ) 
 **************************************************************************
