Dynamical matrix file
Ph                                                                         
  1    2  2 10.4000000  0.0000000  0.0000000  0.0000000  0.0000000  0.0000000
           1  'Si  '    25598.822984527003     
    1    1      0.0000000000      0.0000000000      0.0000000000
    2    1      0.2500000000      0.2500000000      0.2500000000

     Dynamical  Matrix in cartesian axes

     q = (    0.500000000  -0.500000000   0.500000000 ) 

    1    1
  0.25033747  0.00000000   -0.01934080  0.00000000    0.01934080  0.00000000
 -0.01934080  0.00000000    0.25033747  0.00000000   -0.01934080  0.00000000
  0.01934080  0.00000000   -0.01934080  0.00000000    0.25033747  0.00000000
    1    2
 -0.13842482  0.00000000   -0.06543571  0.00000000    0.06543571  0.00000000
 -0.06543571  0.00000000   -0.13842482  0.00000000   -0.06543571  0.00000000
  0.06543571  0.00000000   -0.06543571  0.00000000   -0.13842482  0.00000000
    2    1
 -0.13842482  0.00000000   -0.06543571  0.00000000    0.06543571  0.00000000
 -0.06543571  0.00000000   -0.13842482  0.00000000   -0.06543571  0.00000000
  0.06543571  0.00000000   -0.06543571  0.00000000   -0.13842482  0.00000000
    2    2
  0.25033747  0.00000000   -0.01934080  0.00000000    0.01934080  0.00000000
 -0.01934080  0.00000000    0.25033747  0.00000000   -0.01934080  0.00000000
  0.01934080  0.00000000   -0.01934080  0.00000000    0.25033747  0.00000000

     Dynamical  Matrix in cartesian axes

     q = (    0.500000000   0.500000000   0.500000000 ) 

    1    1
  0.25033747  0.00000000    0.01934080  0.00000000    0.01934080  0.00000000
  0.01934080  0.00000000    0.25033747  0.00000000    0.01934080  0.00000000
  0.01934080  0.00000000    0.01934080  0.00000000    0.25033747  0.00000000
    1    2
  0.13842482  0.00000000   -0.06543571 -0.00000000   -0.06543571 -0.00000000
 -0.06543571 -0.00000000    0.13842482  0.00000000   -0.06543571 -0.00000000
 -0.06543571 -0.00000000   -0.06543571 -0.00000000    0.13842482  0.00000000
    2    1
  0.13842482 -0.00000000   -0.06543571  0.00000000   -0.06543571  0.00000000
 -0.06543571  0.00000000    0.13842482 -0.00000000   -0.06543571  0.00000000
 -0.06543571  0.00000000   -0.06543571  0.00000000    0.13842482 -0.00000000
    2    2
  0.25033747  0.00000000    0.01934080  0.00000000    0.01934080  0.00000000
  0.01934080  0.00000000    0.25033747  0.00000000    0.01934080  0.00000000
  0.01934080  0.00000000    0.01934080  0.00000000    0.25033747  0.00000000

     Dynamical  Matrix in cartesian axes

     q = (   -0.500000000   0.500000000   0.500000000 ) 

    1    1
  0.25033747  0.00000000   -0.01934080  0.00000000   -0.01934080  0.00000000
 -0.01934080  0.00000000    0.25033747  0.00000000    0.01934080  0.00000000
 -0.01934080  0.00000000    0.01934080  0.00000000    0.25033747  0.00000000
    1    2
 -0.13842482  0.00000000   -0.06543571  0.00000000   -0.06543571  0.00000000
 -0.06543571  0.00000000   -0.13842482  0.00000000    0.06543571  0.00000000
 -0.06543571  0.00000000    0.06543571  0.00000000   -0.13842482  0.00000000
    2    1
 -0.13842482  0.00000000   -0.06543571  0.00000000   -0.06543571  0.00000000
 -0.06543571  0.00000000   -0.13842482  0.00000000    0.06543571  0.00000000
 -0.06543571  0.00000000    0.06543571  0.00000000   -0.13842482  0.00000000
    2    2
  0.25033747  0.00000000   -0.01934080  0.00000000   -0.01934080  0.00000000
 -0.01934080  0.00000000    0.25033747  0.00000000    0.01934080  0.00000000
 -0.01934080  0.00000000    0.01934080  0.00000000    0.25033747  0.00000000

     Dynamical  Matrix in cartesian axes

     q = (    0.500000000   0.500000000  -0.500000000 ) 

    1    1
  0.25033747  0.00000000    0.01934080  0.00000000   -0.01934080  0.00000000
  0.01934080  0.00000000    0.25033747  0.00000000   -0.01934080  0.00000000
 -0.01934080  0.00000000   -0.01934080  0.00000000    0.25033747  0.00000000
    1    2
 -0.13842482  0.00000000    0.06543571  0.00000000   -0.06543571  0.00000000
  0.06543571  0.00000000   -0.13842482  0.00000000   -0.06543571  0.00000000
 -0.06543571  0.00000000   -0.06543571  0.00000000   -0.13842482  0.00000000
    2    1
 -0.13842482  0.00000000    0.06543571  0.00000000   -0.06543571  0.00000000
  0.06543571  0.00000000   -0.13842482  0.00000000   -0.06543571  0.00000000
 -0.06543571  0.00000000   -0.06543571  0.00000000   -0.13842482  0.00000000
    2    2
  0.25033747  0.00000000    0.01934080  0.00000000   -0.01934080  0.00000000
  0.01934080  0.00000000    0.25033747  0.00000000   -0.01934080  0.00000000
 -0.01934080  0.00000000   -0.01934080  0.00000000    0.25033747  0.00000000

     Diagonalizing the dynamical matrix

     q = (    0.500000000  -0.500000000   0.500000000 ) 

 **************************************************************************
     freq (    1) =       3.387186 [THz] =     112.984376 [cm-1]
 ( -0.577244  0.000000 -0.298233  0.000000  0.279011  0.000000 ) 
 ( -0.577244  0.000000 -0.298233  0.000000  0.279011  0.000000 ) 
     freq (    2) =       3.387186 [THz] =     112.984376 [cm-1]
 ( -0.011098  0.000000  0.494359  0.000000  0.505457  0.000000 ) 
 ( -0.011098  0.000000  0.494359  0.000000  0.505457  0.000000 ) 
     freq (    3) =      10.908819 [THz] =     363.879045 [cm-1]
 ( -0.408248  0.000000  0.408248  0.000000 -0.408248  0.000000 ) 
 ( -0.408248  0.000000  0.408248  0.000000 -0.408248  0.000000 ) 
     freq (    4) =      11.197742 [THz] =     373.516466 [cm-1]
 ( -0.408248  0.000000  0.408248  0.000000 -0.408248  0.000000 ) 
 (  0.408248  0.000000 -0.408248  0.000000  0.408248  0.000000 ) 
     freq (    5) =      13.559334 [THz] =     452.290702 [cm-1]
 (  0.498536  0.000000  0.501451  0.000000  0.002915  0.000000 ) 
 ( -0.498536  0.000000 -0.501451  0.000000 -0.002915  0.000000 ) 
     freq (    6) =      13.559334 [THz] =     452.290702 [cm-1]
 (  0.291196  0.000000 -0.286147  0.000000 -0.577343  0.000000 ) 
 ( -0.291196  0.000000  0.286147  0.000000  0.577343  0.000000 ) 
 **************************************************************************
