Dynamical matrix file
Ph                                                                         
  1    2  2 10.4000000  0.0000000  0.0000000  0.0000000  0.0000000  0.0000000
           1  'Si  '    25598.822984527003     
    1    1      0.0000000000      0.0000000000      0.0000000000
    2    1      0.2500000000      0.2500000000      0.2500000000

     Dynamical  Matrix in cartesian axes

     q = (    0.500000000   0.000000000   0.500000000 ) 

    1    1
  0.23468399  0.00000000    0.00000000  0.00723869    0.01029667  0.00000000
  0.00000000 -0.00723869    0.25052630  0.00000000   -0.00000000 -0.00723869
  0.01029667  0.00000000    0.00000000  0.00723869    0.23468399  0.00000000
    1    2
 -0.00000000  0.11381984   -0.06751441 -0.00000000   -0.00000000 -0.06699313
 -0.06751441 -0.00000000   -0.00000000  0.13009902   -0.06751441 -0.00000000
  0.00000000 -0.06699313   -0.06751441 -0.00000000   -0.00000000  0.11381984
    2    1
 -0.00000000 -0.11381984   -0.06751441  0.00000000   -0.00000000  0.06699313
 -0.06751441 -0.00000000   -0.00000000 -0.13009902   -0.06751441  0.00000000
  0.00000000  0.06699313   -0.06751441  0.00000000   -0.00000000 -0.11381984
    2    2
  0.23468399  0.00000000   -0.00000000 -0.00723869    0.01029667  0.00000000
 -0.00000000  0.00723869    0.25052630  0.00000000   -0.00000000  0.00723869
  0.01029667  0.00000000   -0.00000000 -0.00723869    0.23468399  0.00000000

     Dynamical  Matrix in cartesian axes

     q = (   -0.500000000   0.000000000   0.500000000 ) 

    1    1
  0.23468399  0.00000000   -0.00000000  0.00723869   -0.01029667  0.00000000
  0.00000000 -0.00723869    0.25052630  0.00000000   -0.00000000  0.00723869
 -0.01029667  0.00000000   -0.00000000 -0.00723869    0.23468399  0.00000000
    1    2
 -0.11381984  0.00000000   -0.00000000 -0.06751441   -0.06699313  0.00000000
 -0.00000000 -0.06751441   -0.13009902  0.00000000    0.00000000  0.06751441
 -0.06699313  0.00000000   -0.00000000  0.06751441   -0.11381984  0.00000000
    2    1
 -0.11381984  0.00000000   -0.00000000  0.06751441   -0.06699313  0.00000000
 -0.00000000  0.06751441   -0.13009902  0.00000000    0.00000000 -0.06751441
 -0.06699313  0.00000000   -0.00000000 -0.06751441   -0.11381984  0.00000000
    2    2
  0.23468399  0.00000000    0.00000000 -0.00723869   -0.01029667  0.00000000
  0.00000000  0.00723869    0.25052630  0.00000000   -0.00000000 -0.00723869
 -0.01029667  0.00000000    0.00000000  0.00723869    0.23468399  0.00000000

     Dynamical  Matrix in cartesian axes

     q = (   -0.500000000   0.000000000  -0.500000000 ) 

    1    1
  0.23468399  0.00000000    0.00000000 -0.00723869    0.01029667  0.00000000
  0.00000000  0.00723869    0.25052630  0.00000000   -0.00000000  0.00723869
  0.01029667  0.00000000    0.00000000 -0.00723869    0.23468399  0.00000000
    1    2
  0.00000000 -0.11381984   -0.06751441  0.00000000    0.00000000  0.06699313
 -0.06751441 -0.00000000   -0.00000000 -0.13009902   -0.06751441  0.00000000
  0.00000000  0.06699313   -0.06751441  0.00000000    0.00000000 -0.11381984
    2    1
  0.00000000  0.11381984   -0.06751441 -0.00000000    0.00000000 -0.06699313
 -0.06751441  0.00000000   -0.00000000  0.13009902   -0.06751441 -0.00000000
  0.00000000 -0.06699313   -0.06751441 -0.00000000    0.00000000  0.11381984
    2    2
  0.23468399  0.00000000   -0.00000000  0.00723869    0.01029667  0.00000000
 -0.00000000 -0.00723869    0.25052630  0.00000000   -0.00000000 -0.00723869
  0.01029667  0.00000000   -0.00000000  0.00723869    0.23468399  0.00000000

     Dynamical  Matrix in cartesian axes

     q = (    0.500000000   0.000000000  -0.500000000 ) 

    1    1
  0.23468399  0.00000000   -0.00000000 -0.00723869   -0.01029667  0.00000000
  0.00000000  0.00723869    0.25052630  0.00000000   -0.00000000 -0.00723869
 -0.01029667  0.00000000   -0.00000000  0.00723869    0.23468399  0.00000000
    1    2
 -0.11381984  0.00000000   -0.00000000  0.06751441   -0.06699313 -0.00000000
 -0.00000000  0.06751441   -0.13009902 -0.00000000    0.00000000 -0.06751441
 -0.06699313  0.00000000   -0.00000000 -0.06751441   -0.11381984 -0.00000000
    2    1
 -0.11381984  0.00000000   -0.00000000 -0.06751441   -0.06699313  0.00000000
 -0.00000000 -0.06751441   -0.13009902  0.00000000    0.00000000  0.06751441
 -0.06699313  0.00000000   -0.00000000  0.06751441   -0.11381984  0.00000000
    2    2
  0.23468399  0.00000000    0.00000000  0.00723869   -0.01029667  0.00000000
  0.00000000 -0.00723869    0.25052630  0.00000000   -0.00000000  0.00723869
 -0.01029667  0.00000000    0.00000000 -0.00723869    0.23468399  0.00000000

     Dynamical  Matrix in cartesian axes

     q = (    0.000000000   0.500000000  -0.500000000 ) 

    1    1
  0.25052630  0.00000000    0.00000000  0.00723869    0.00000000 -0.00723869
  0.00000000 -0.00723869    0.23468399  0.00000000   -0.01029667  0.00000000
  0.00000000  0.00723869   -0.01029667  0.00000000    0.23468399  0.00000000
    1    2
 -0.13009902  0.00000000    0.00000000  0.06751441    0.00000000 -0.06751441
  0.00000000  0.06751441   -0.11381984  0.00000000   -0.06699313  0.00000000
  0.00000000 -0.06751441   -0.06699313  0.00000000   -0.11381984  0.00000000
    2    1
 -0.13009902  0.00000000    0.00000000 -0.06751441   -0.00000000  0.06751441
  0.00000000 -0.06751441   -0.11381984  0.00000000   -0.06699313  0.00000000
  0.00000000  0.06751441   -0.06699313  0.00000000   -0.11381984  0.00000000
    2    2
  0.25052630  0.00000000    0.00000000 -0.00723869   -0.00000000  0.00723869
  0.00000000  0.00723869    0.23468399  0.00000000   -0.01029667  0.00000000
 -0.00000000 -0.00723869   -0.01029667  0.00000000    0.23468399  0.00000000

     Dynamical  Matrix in cartesian axes

     q = (   -0.500000000   0.500000000   0.000000000 ) 

    1    1
  0.23468399  0.00000000   -0.01029667  0.00000000   -0.00000000  0.00723869
 -0.01029667  0.00000000    0.23468399  0.00000000   -0.00000000 -0.00723869
 -0.00000000 -0.00723869    0.00000000  0.00723869    0.25052630  0.00000000
    1    2
 -0.11381984  0.00000000   -0.06699313  0.00000000    0.00000000 -0.06751441
 -0.06699313  0.00000000   -0.11381984  0.00000000    0.00000000  0.06751441
  0.00000000 -0.06751441    0.00000000  0.06751441   -0.13009902  0.00000000
    2    1
 -0.11381984  0.00000000   -0.06699313  0.00000000    0.00000000  0.06751441
 -0.06699313  0.00000000   -0.11381984  0.00000000    0.00000000 -0.06751441
  0.00000000  0.06751441    0.00000000 -0.06751441   -0.13009902  0.00000000
    2    2
  0.23468399  0.00000000   -0.01029667  0.00000000    0.00000000 -0.00723869
 -0.01029667  0.00000000    0.23468399  0.00000000    0.00000000  0.00723869
  0.00000000  0.00723869    0.00000000 -0.00723869    0.25052630  0.00000000

     Dynamical  Matrix in cartesian axes

     q = (    0.000000000   0.500000000   0.500000000 ) 

    1    1
  0.25052630  0.00000000    0.00000000 -0.00723869   -0.00000000 -0.00723869
  0.00000000  0.00723869    0.23468399  0.00000000    0.01029667  0.00000000
 -0.00000000  0.00723869    0.01029667  0.00000000    0.23468399  0.00000000
    1    2
  0.00000000  0.13009902   -0.06751441 -0.00000000   -0.06751441 -0.00000000
 -0.06751441 -0.00000000    0.00000000  0.11381984    0.00000000 -0.06699313
 -0.06751441 -0.00000000    0.00000000 -0.06699313    0.00000000  0.11381984
    2    1
  0.00000000 -0.13009902   -0.06751441  0.00000000   -0.06751441  0.00000000
 -0.06751441  0.00000000    0.00000000 -0.11381984    0.00000000  0.06699313
 -0.06751441  0.00000000   -0.00000000  0.06699313    0.00000000 -0.11381984
    2    2
  0.25052630  0.00000000    0.00000000  0.00723869    0.00000000  0.00723869
  0.00000000 -0.00723869    0.23468399  0.00000000    0.01029667  0.00000000
  0.00000000 -0.00723869    0.01029667  0.00000000    0.23468399  0.00000000

     Dynamical  Matrix in cartesian axes

     q = (    0.000000000  -0.500000000  -0.500000000 ) 

    1    1
  0.25052630  0.00000000    0.00000000  0.00723869   -0.00000000  0.00723869
  0.00000000 -0.00723869    0.23468399  0.00000000    0.01029667  0.00000000
 -0.00000000 -0.00723869    0.01029667  0.00000000    0.23468399  0.00000000
    1    2
  0.00000000 -0.13009902   -0.06751441  0.00000000   -0.06751441  0.00000000
 -0.06751441  0.00000000    0.00000000 -0.11381984   -0.00000000  0.06699313
 -0.06751441  0.00000000    0.00000000  0.06699313    0.00000000 -0.11381984
    2    1
  0.00000000  0.13009902   -0.06751441 -0.00000000   -0.06751441 -0.00000000
 -0.06751441 -0.00000000    0.00000000  0.11381984    0.00000000 -0.06699313
 -0.06751441 -0.00000000    0.00000000 -0.06699313    0.00000000  0.11381984
    2    2
  0.25052630  0.00000000    0.00000000 -0.00723869    0.00000000 -0.00723869
  0.00000000  0.00723869    0.23468399  0.00000000    0.01029667  0.00000000
  0.00000000  0.00723869    0.01029667  0.00000000    0.23468399  0.00000000

     Dynamical  Matrix in cartesian axes

     q = (    0.500000000   0.500000000   0.000000000 ) 

    1    1
  0.23468399  0.00000000    0.01029667  0.00000000   -0.00000000  0.00723869
  0.01029667  0.00000000    0.23468399  0.00000000   -0.00000000  0.00723869
 -0.00000000 -0.00723869    0.00000000 -0.00723869    0.25052630  0.00000000
    1    2
  0.00000000  0.11381984    0.00000000 -0.06699313   -0.06751441  0.00000000
  0.00000000 -0.06699313   -0.00000000  0.11381984   -0.06751441  0.00000000
 -0.06751441  0.00000000   -0.06751441 -0.00000000   -0.00000000  0.13009902
    2    1
  0.00000000 -0.11381984    0.00000000  0.06699313   -0.06751441  0.00000000
  0.00000000  0.06699313   -0.00000000 -0.11381984   -0.06751441  0.00000000
 -0.06751441  0.00000000   -0.06751441  0.00000000   -0.00000000 -0.13009902
    2    2
  0.23468399  0.00000000    0.01029667  0.00000000    0.00000000 -0.00723869
  0.01029667  0.00000000    0.23468399  0.00000000    0.00000000 -0.00723869
  0.00000000  0.00723869    0.00000000  0.00723869    0.25052630  0.00000000

     Dynamical  Matrix in cartesian axes

     q = (    0.500000000  -0.500000000   0.000000000 ) 

    1    1
  0.23468399  0.00000000   -0.01029667  0.00000000   -0.00000000 -0.00723869
 -0.01029667  0.00000000    0.23468399  0.00000000   -0.00000000  0.00723869
 -0.00000000  0.00723869    0.00000000 -0.00723869    0.25052630  0.00000000
    1    2
 -0.11381984  0.00000000   -0.06699313  0.00000000    0.00000000  0.06751441
 -0.06699313  0.00000000   -0.11381984  0.00000000    0.00000000 -0.06751441
  0.00000000  0.06751441    0.00000000 -0.06751441   -0.13009902  0.00000000
    2    1
 -0.11381984  0.00000000   -0.06699313  0.00000000    0.00000000 -0.06751441
 -0.06699313  0.00000000   -0.11381984  0.00000000    0.00000000  0.06751441
  0.00000000 -0.06751441    0.00000000  0.06751441   -0.13009902  0.00000000
    2    2
  0.23468399  0.00000000   -0.01029667  0.00000000    0.00000000  0.00723869
 -0.01029667  0.00000000    0.23468399  0.00000000    0.00000000 -0.00723869
  0.00000000 -0.00723869    0.00000000  0.00723869    0.25052630  0.00000000

     Dynamical  Matrix in cartesian axes

     q = (   -0.500000000  -0.500000000   0.000000000 ) 

    1    1
  0.23468399  0.00000000    0.01029667  0.00000000   -0.00000000 -0.00723869
  0.01029667  0.00000000    0.23468399  0.00000000   -0.00000000 -0.00723869
 -0.00000000  0.00723869    0.00000000  0.00723869    0.25052630  0.00000000
    1    2
  0.00000000 -0.11381984    0.00000000  0.06699313   -0.06751441  0.00000000
  0.00000000  0.06699313   -0.00000000 -0.11381984   -0.06751441  0.00000000
 -0.06751441  0.00000000   -0.06751441  0.00000000   -0.00000000 -0.13009902
    2    1
  0.00000000  0.11381984    0.00000000 -0.06699313   -0.06751441  0.00000000
  0.00000000 -0.06699313   -0.00000000  0.11381984   -0.06751441  0.00000000
 -0.06751441  0.00000000   -0.06751441  0.00000000   -0.00000000  0.13009902
    2    2
  0.23468399  0.00000000    0.01029667  0.00000000    0.00000000  0.00723869
  0.01029667  0.00000000    0.23468399  0.00000000    0.00000000  0.00723869
  0.00000000 -0.00723869    0.00000000 -0.00723869    0.25052630  0.00000000

     Dynamical  Matrix in cartesian axes

     q = (    0.000000000  -0.500000000   0.500000000 ) 

    1    1
  0.25052630  0.00000000    0.00000000 -0.00723869   -0.00000000  0.00723869
  0.00000000  0.00723869    0.23468399  0.00000000   -0.01029667  0.00000000
 -0.00000000 -0.00723869   -0.01029667  0.00000000    0.23468399  0.00000000
    1    2
 -0.13009902  0.00000000   -0.00000000 -0.06751441   -0.00000000  0.06751441
  0.00000000 -0.06751441   -0.11381984  0.00000000   -0.06699313  0.00000000
  0.00000000  0.06751441   -0.06699313  0.00000000   -0.11381984  0.00000000
    2    1
 -0.13009902  0.00000000   -0.00000000  0.06751441   -0.00000000 -0.06751441
  0.00000000  0.06751441   -0.11381984  0.00000000   -0.06699313  0.00000000
  0.00000000 -0.06751441   -0.06699313  0.00000000   -0.11381984  0.00000000
    2    2
  0.25052630  0.00000000    0.00000000  0.00723869    0.00000000 -0.00723869
  0.00000000 -0.00723869    0.23468399  0.00000000   -0.01029667  0.00000000
  0.00000000  0.00723869   -0.01029667  0.00000000    0.23468399  0.00000000

     Diagonalizing the dynamical matrix

     q = (    0.500000000   0.000000000   0.500000000 ) 

 **************************************************************************
     freq (    1) =       4.292206 [THz] =     143.172567 [cm-1]
 (  0.000000 -0.500000 -0.000000  0.000000 -0.000000  0.500000 ) 
 (  0.500000  0.000000 -0.000000  0.000000 -0.500000  0.000000 ) 
     freq (    2) =       6.003578 [THz] =     200.257804 [cm-1]
 ( -0.000000 -0.190737 -0.653635 -0.000000  0.000000 -0.190737 ) 
 ( -0.190737 -0.000000  0.000000 -0.653635 -0.190737  0.000000 ) 
     freq (    3) =       7.956910 [THz] =     265.413939 [cm-1]
 (  0.000000  0.454609 -0.294384 -0.000000  0.000000  0.454609 ) 
 ( -0.454609 -0.000000  0.000000  0.294384 -0.454609  0.000000 ) 
     freq (    4) =      11.757887 [THz] =     392.200885 [cm-1]
 (  0.000000  0.462190 -0.269743 -0.000000  0.000000  0.462190 ) 
 (  0.462190 -0.000000 -0.000000 -0.269743  0.462190  0.000000 ) 
     freq (    5) =      13.088802 [THz] =     436.595451 [cm-1]
 (  0.000000 -0.500000  0.000000  0.000000 -0.000000  0.500000 ) 
 ( -0.500000 -0.000000  0.000000 -0.000000  0.500000  0.000000 ) 
     freq (    6) =      13.468211 [THz] =     449.251154 [cm-1]
 ( -0.000000 -0.208161 -0.642914 -0.000000  0.000000 -0.208161 ) 
 (  0.208161  0.000000 -0.000000  0.642914  0.208161  0.000000 ) 
 **************************************************************************
