Dynamical matrix file
Ph                                                                         
  1    2  2 10.4000000  0.0000000  0.0000000  0.0000000  0.0000000  0.0000000
           1  'Si  '    25598.822984527003     
    1    1      0.0000000000      0.0000000000      0.0000000000
    2    1      0.2500000000      0.2500000000      0.2500000000

     Dynamical  Matrix in cartesian axes

     q = (   -0.500000000  -1.000000000   0.000000000 ) 

    1    1
  0.20859976 -0.00000000   -0.00000000  0.00000000   -0.00000000 -0.00000000
 -0.00000000  0.00000000    0.24430221 -0.00000000   -0.00000000 -0.01614181
 -0.00000000 -0.00000000   -0.00000000  0.01614181    0.24430221 -0.00000000
    1    2
 -0.00000000  0.00000000   -0.06692238  0.06692238   -0.06692238 -0.06692238
 -0.06692238  0.06692238   -0.00000000  0.00000000    0.00000000  0.00000000
 -0.06692238 -0.06692238    0.00000000  0.00000000   -0.00000000  0.00000000
    2    1
  0.00000000 -0.00000000   -0.06692238 -0.06692238   -0.06692238  0.06692238
 -0.06692238 -0.06692238    0.00000000  0.00000000   -0.00000000  0.00000000
 -0.06692238  0.06692238   -0.00000000  0.00000000    0.00000000  0.00000000
    2    2
  0.20859976 -0.00000000   -0.00000000  0.00000000   -0.00000000 -0.00000000
 -0.00000000  0.00000000    0.24430221 -0.00000000   -0.00000000  0.01614181
 -0.00000000 -0.00000000   -0.00000000 -0.01614181    0.24430221 -0.00000000

     Dynamical  Matrix in cartesian axes

     q = (    0.000000000   1.000000000   0.500000000 ) 

    1    1
  0.24430221 -0.00000000    0.00000000 -0.01614181   -0.00000000 -0.00000000
  0.00000000  0.01614181    0.24430221 -0.00000000    0.00000000  0.00000000
 -0.00000000 -0.00000000    0.00000000  0.00000000    0.20859976 -0.00000000
    1    2
 -0.00000000 -0.00000000   -0.00000000  0.00000000   -0.06692238  0.06692238
 -0.00000000 -0.00000000   -0.00000000 -0.00000000   -0.06692238 -0.06692238
 -0.06692238  0.06692238   -0.06692238 -0.06692238    0.00000000 -0.00000000
    2    1
 -0.00000000 -0.00000000   -0.00000000 -0.00000000   -0.06692238 -0.06692238
 -0.00000000 -0.00000000   -0.00000000  0.00000000   -0.06692238  0.06692238
 -0.06692238 -0.06692238   -0.06692238  0.06692238    0.00000000  0.00000000
    2    2
  0.24430221 -0.00000000    0.00000000  0.01614181   -0.00000000 -0.00000000
  0.00000000 -0.01614181    0.24430221 -0.00000000    0.00000000  0.00000000
 -0.00000000 -0.00000000    0.00000000 -0.00000000    0.20859976 -0.00000000

     Dynamical  Matrix in cartesian axes

     q = (    0.000000000  -1.000000000  -0.500000000 ) 

    1    1
  0.24430221 -0.00000000    0.00000000  0.01614181   -0.00000000 -0.00000000
  0.00000000 -0.01614181    0.24430221 -0.00000000    0.00000000  0.00000000
  0.00000000 -0.00000000    0.00000000 -0.00000000    0.20859976 -0.00000000
    1    2
 -0.00000000 -0.00000000   -0.00000000 -0.00000000   -0.06692238 -0.06692238
 -0.00000000 -0.00000000   -0.00000000  0.00000000   -0.06692238  0.06692238
 -0.06692238 -0.06692238   -0.06692238  0.06692238    0.00000000  0.00000000
    2    1
 -0.00000000 -0.00000000   -0.00000000  0.00000000   -0.06692238  0.06692238
 -0.00000000  0.00000000   -0.00000000 -0.00000000   -0.06692238 -0.06692238
 -0.06692238  0.06692238   -0.06692238 -0.06692238    0.00000000 -0.00000000
    2    2
  0.24430221 -0.00000000    0.00000000 -0.01614181   -0.00000000 -0.00000000
  0.00000000  0.01614181    0.24430221 -0.00000000    0.00000000  0.00000000
  0.00000000 -0.00000000    0.00000000  0.00000000    0.20859976 -0.00000000

     Dynamical  Matrix in cartesian axes

     q = (    0.500000000   1.000000000   0.000000000 ) 

    1    1
  0.20859976 -0.00000000   -0.00000000  0.00000000   -0.00000000 -0.00000000
 -0.00000000  0.00000000    0.24430221 -0.00000000   -0.00000000  0.01614181
  0.00000000 -0.00000000   -0.00000000 -0.01614181    0.24430221 -0.00000000
    1    2
  0.00000000 -0.00000000   -0.06692238 -0.06692238   -0.06692238  0.06692238
 -0.06692238 -0.06692238    0.00000000  0.00000000   -0.00000000  0.00000000
 -0.06692238  0.06692238   -0.00000000  0.00000000    0.00000000  0.00000000
    2    1
  0.00000000  0.00000000   -0.06692238  0.06692238   -0.06692238 -0.06692238
 -0.06692238  0.06692238    0.00000000 -0.00000000   -0.00000000  0.00000000
 -0.06692238 -0.06692238    0.00000000  0.00000000    0.00000000 -0.00000000
    2    2
  0.20859976 -0.00000000   -0.00000000  0.00000000   -0.00000000 -0.00000000
 -0.00000000  0.00000000    0.24430221 -0.00000000   -0.00000000 -0.01614181
  0.00000000 -0.00000000   -0.00000000  0.01614181    0.24430221 -0.00000000

     Dynamical  Matrix in cartesian axes

     q = (   -1.000000000  -0.500000000   0.000000000 ) 

    1    1
  0.24430221 -0.00000000   -0.00000000  0.00000000    0.00000000 -0.01614181
 -0.00000000  0.00000000    0.20859976 -0.00000000    0.00000000 -0.00000000
  0.00000000  0.01614181    0.00000000  0.00000000    0.24430221 -0.00000000
    1    2
  0.00000000  0.00000000   -0.06692238  0.06692238    0.00000000  0.00000000
 -0.06692238  0.06692238   -0.00000000  0.00000000   -0.06692238 -0.06692238
  0.00000000  0.00000000   -0.06692238 -0.06692238    0.00000000  0.00000000
    2    1
  0.00000000  0.00000000   -0.06692238 -0.06692238    0.00000000  0.00000000
 -0.06692238 -0.06692238   -0.00000000  0.00000000   -0.06692238  0.06692238
  0.00000000  0.00000000   -0.06692238  0.06692238    0.00000000  0.00000000
    2    2
  0.24430221 -0.00000000   -0.00000000  0.00000000    0.00000000  0.01614181
 -0.00000000  0.00000000    0.20859976 -0.00000000    0.00000000  0.00000000
  0.00000000 -0.01614181    0.00000000  0.00000000    0.24430221 -0.00000000

     Dynamical  Matrix in cartesian axes

     q = (    0.000000000  -0.500000000  -1.000000000 ) 

    1    1
  0.24430221 -0.00000000   -0.00000000  0.00000000    0.00000000  0.01614181
 -0.00000000  0.00000000    0.20859976 -0.00000000    0.00000000  0.00000000
  0.00000000 -0.01614181    0.00000000  0.00000000    0.24430221 -0.00000000
    1    2
 -0.00000000 -0.00000000   -0.06692238 -0.06692238   -0.00000000 -0.00000000
 -0.06692238 -0.06692238    0.00000000 -0.00000000   -0.06692238  0.06692238
 -0.00000000 -0.00000000   -0.06692238  0.06692238   -0.00000000 -0.00000000
    2    1
 -0.00000000  0.00000000   -0.06692238  0.06692238   -0.00000000  0.00000000
 -0.06692238  0.06692238    0.00000000  0.00000000   -0.06692238 -0.06692238
 -0.00000000  0.00000000   -0.06692238 -0.06692238   -0.00000000  0.00000000
    2    2
  0.24430221 -0.00000000   -0.00000000  0.00000000    0.00000000 -0.01614181
 -0.00000000  0.00000000    0.20859976 -0.00000000    0.00000000 -0.00000000
  0.00000000  0.01614181    0.00000000  0.00000000    0.24430221 -0.00000000

     Diagonalizing the dynamical matrix

     q = (   -0.500000000  -1.000000000   0.000000000 ) 

 **************************************************************************
     freq (    1) =       6.443157 [THz] =     214.920589 [cm-1]
 (  0.488653  0.488653 -0.138751  0.143973 -0.143973 -0.138751 ) 
 ( -0.342734  0.006330 -0.000000  0.403094  0.403094  0.000000 ) 
     freq (    2) =       6.443157 [THz] =     214.920589 [cm-1]
 ( -0.242391 -0.242391 -0.279718  0.290246 -0.290246 -0.279718 ) 
 ( -0.690941  0.012762  0.000000 -0.199951 -0.199951  0.000000 ) 
     freq (    3) =       9.821666 [THz] =     327.615525 [cm-1]
 ( -0.000000  0.000000  0.000095  0.706479  0.706479 -0.000095 ) 
 ( -0.000000  0.000000  0.000000  0.029788 -0.029788  0.000000 ) 
     freq (    4) =       9.821666 [THz] =     327.615525 [cm-1]
 (  0.000000  0.000000 -0.000004 -0.029788 -0.029788  0.000004 ) 
 (  0.000000 -0.000000 -0.000000  0.706479 -0.706479  0.000000 ) 
     freq (    5) =      12.521789 [THz] =     417.681921 [cm-1]
 (  0.000000  0.000000 -0.119506  0.532215 -0.532215 -0.119506 ) 
 (  0.537611 -0.340447  0.000000 -0.000000 -0.000000  0.000000 ) 
     freq (    6) =      12.521789 [THz] =     417.681921 [cm-1]
 ( -0.449961 -0.449961  0.000000  0.000000 -0.000000 -0.000000 ) 
 (  0.000000 -0.000000 -0.000000  0.545468  0.545468  0.000000 ) 
 **************************************************************************
