Dynamical matrix file
Ph                                                                         
  1    2   2   6.7420000   0.0000000   0.0000000   0.0000000   0.0000000   0.0000000
           1  'C      '    10947.083370705141     
    1    1      0.0000000000      0.0000000000      0.0000000000
    2    1      0.2500000000      0.2500000000      0.2500000000

     Dynamical  Matrix in cartesian axes

     q = (    0.000000000   0.000000000   0.000000000 ) 

    1    1
  0.76273041E+00   0.00000000E+00     0.16653345E-15   0.00000000E+00     0.55511151E-16   0.00000000E+00
  0.16653345E-15   0.00000000E+00     0.76273041E+00   0.00000000E+00    -0.16653345E-15   0.00000000E+00
  0.55511151E-16   0.00000000E+00    -0.16653345E-15   0.00000000E+00     0.76273041E+00   0.00000000E+00
    1    2
 -0.75973762E+00   0.00000000E+00     0.00000000E+00   0.00000000E+00     0.00000000E+00   0.00000000E+00
  0.00000000E+00   0.00000000E+00    -0.75973762E+00   0.00000000E+00     0.00000000E+00   0.00000000E+00
  0.00000000E+00   0.00000000E+00     0.00000000E+00   0.00000000E+00    -0.75973762E+00   0.00000000E+00
    2    1
 -0.75973762E+00   0.00000000E+00     0.00000000E+00   0.00000000E+00     0.00000000E+00   0.00000000E+00
  0.00000000E+00   0.00000000E+00    -0.75973762E+00   0.00000000E+00     0.00000000E+00   0.00000000E+00
  0.00000000E+00   0.00000000E+00     0.00000000E+00   0.00000000E+00    -0.75973762E+00   0.00000000E+00
    2    2
  0.76273041E+00   0.00000000E+00     0.16653345E-15   0.00000000E+00     0.11102230E-15   0.00000000E+00
  0.27755576E-15   0.00000000E+00     0.76273041E+00   0.00000000E+00    -0.16653345E-15   0.00000000E+00
  0.55511151E-16   0.00000000E+00    -0.16653345E-15   0.00000000E+00     0.76273041E+00   0.00000000E+00

     Dielectric Tensor:

          5.873051936516          0.000000000000          0.000000000000
          0.000000000000          5.873051936516         -0.000000000000
          0.000000000000         -0.000000000000          5.873051936516

     Effective Charges E-U: Z_{alpha}{s,beta}

     atom #    1
         -0.007872218105         -0.000000000000         -0.000000000000
         -0.000000000000         -0.007872218105          0.000000000000
          0.000000000000          0.000000000000         -0.007872218105
     atom #    2
         -0.007872218105         -0.000000000000         -0.000000000000
         -0.000000000000         -0.007872218105         -0.000000000000
          0.000000000000         -0.000000000000         -0.007872218105

     Effective Charges U-E: Z_{s,alpha}{beta}

     atom #    1
     -0.787378154181E-02     -0.888178419700E-15     -0.888178419700E-15
     -0.133226762955E-14     -0.787378154180E-02     -0.222044604925E-14
     -0.444089209850E-15     -0.133226762955E-14     -0.787378154180E-02
     atom #    2
     -0.787378154180E-02      0.177635683940E-14      0.000000000000E+00
      0.177635683940E-14     -0.787378154180E-02      0.888178419700E-15
      0.888178419700E-15      0.177635683940E-14     -0.787378154180E-02

     Diagonalizing the dynamical matrix

     q = (    0.000000000   0.000000000   0.000000000 ) 

 **************************************************************************
     freq (    1) =       1.720140 [THz] =      57.377682 [cm-1]
 (  0.053482 -0.000000  0.490818 -0.000000 -0.506199  0.000000 ) 
 (  0.053482 -0.000000  0.490818 -0.000000 -0.506199  0.000000 ) 
     freq (    2) =       1.720140 [THz] =      57.377682 [cm-1]
 (  0.247504  0.000000 -0.488417  0.000000 -0.447427  0.000000 ) 
 (  0.247504  0.000000 -0.488417  0.000000 -0.447427  0.000000 ) 
     freq (    3) =       1.720140 [THz] =      57.377682 [cm-1]
 ( -0.660213  0.000000 -0.143340  0.000000 -0.208740  0.000000 ) 
 ( -0.660213  0.000000 -0.143340  0.000000 -0.208740  0.000000 ) 
     freq (    4) =      38.797158 [THz] =    1294.133893 [cm-1]
 (  0.650642  0.000000  0.027932  0.000000 -0.275471  0.000000 ) 
 ( -0.650642  0.000000 -0.027932  0.000000  0.275471  0.000000 ) 
     freq (    5) =      38.797158 [THz] =    1294.133893 [cm-1]
 ( -0.260306  0.000000 -0.178061  0.000000 -0.632878  0.000000 ) 
 (  0.260306  0.000000  0.178061  0.000000  0.632878  0.000000 ) 
     freq (    6) =      38.797158 [THz] =    1294.133893 [cm-1]
 ( -0.094368  0.000000  0.683750  0.000000 -0.153560  0.000000 ) 
 (  0.094368  0.000000 -0.683750  0.000000  0.153560  0.000000 ) 
 **************************************************************************
