Dynamical matrix file
Ph                                                                         
  1    2   2   6.7420000   0.0000000   0.0000000   0.0000000   0.0000000   0.0000000
           1  'C      '    10947.083370705141     
    1    1      0.0000000000      0.0000000000      0.0000000000
    2    1      0.2500000000      0.2500000000      0.2500000000

     Dynamical  Matrix in cartesian axes

     q = (    0.500000000  -0.500000000   0.500000000 ) 

    1    1
  0.92791628E+00   0.00000000E+00    -0.13814999E+00   0.00000000E+00     0.13814999E+00   0.00000000E+00
 -0.13814999E+00   0.00000000E+00     0.92791628E+00   0.00000000E+00    -0.13814999E+00   0.00000000E+00
  0.13814999E+00   0.00000000E+00    -0.13814999E+00   0.00000000E+00     0.92791628E+00   0.00000000E+00
    1    2
 -0.41430355E+00   0.00000000E+00    -0.99533351E-01   0.00000000E+00     0.99533351E-01   0.00000000E+00
 -0.99533351E-01   0.00000000E+00    -0.41430355E+00   0.00000000E+00    -0.99533351E-01   0.00000000E+00
  0.99533351E-01   0.00000000E+00    -0.99533351E-01   0.00000000E+00    -0.41430355E+00   0.00000000E+00
    2    1
 -0.41430355E+00   0.00000000E+00    -0.99533351E-01   0.00000000E+00     0.99533351E-01   0.00000000E+00
 -0.99533351E-01   0.00000000E+00    -0.41430355E+00   0.00000000E+00    -0.99533351E-01   0.00000000E+00
  0.99533351E-01   0.00000000E+00    -0.99533351E-01   0.00000000E+00    -0.41430355E+00   0.00000000E+00
    2    2
  0.92791628E+00   0.00000000E+00    -0.13814999E+00   0.00000000E+00     0.13814999E+00   0.00000000E+00
 -0.13814999E+00   0.00000000E+00     0.92791628E+00   0.00000000E+00    -0.13814999E+00   0.00000000E+00
  0.13814999E+00   0.00000000E+00    -0.13814999E+00   0.00000000E+00     0.92791628E+00   0.00000000E+00

     Dynamical  Matrix in cartesian axes

     q = (    0.500000000   0.500000000   0.500000000 ) 

    1    1
  0.92791628E+00   0.00000000E+00     0.13814999E+00   0.00000000E+00     0.13814999E+00   0.00000000E+00
  0.13814999E+00   0.00000000E+00     0.92791628E+00   0.00000000E+00     0.13814999E+00   0.00000000E+00
  0.13814999E+00   0.00000000E+00     0.13814999E+00   0.00000000E+00     0.92791628E+00   0.00000000E+00
    1    2
  0.41430355E+00   0.50737552E-16    -0.99533351E-01  -0.12189320E-16    -0.99533351E-01  -0.12189320E-16
 -0.99533351E-01  -0.12189320E-16     0.41430355E+00   0.50737552E-16    -0.99533351E-01  -0.12189320E-16
 -0.99533351E-01  -0.12189320E-16    -0.99533351E-01  -0.12189320E-16     0.41430355E+00   0.50737552E-16
    2    1
  0.41430355E+00  -0.50737552E-16    -0.99533351E-01   0.12189320E-16    -0.99533351E-01   0.12189320E-16
 -0.99533351E-01   0.12189320E-16     0.41430355E+00  -0.50737552E-16    -0.99533351E-01   0.12189320E-16
 -0.99533351E-01   0.12189320E-16    -0.99533351E-01   0.12189320E-16     0.41430355E+00  -0.50737552E-16
    2    2
  0.92791628E+00   0.00000000E+00     0.13814999E+00   0.00000000E+00     0.13814999E+00   0.00000000E+00
  0.13814999E+00   0.00000000E+00     0.92791628E+00   0.00000000E+00     0.13814999E+00   0.00000000E+00
  0.13814999E+00   0.00000000E+00     0.13814999E+00   0.00000000E+00     0.92791628E+00   0.00000000E+00

     Dynamical  Matrix in cartesian axes

     q = (   -0.500000000   0.500000000   0.500000000 ) 

    1    1
  0.92791628E+00   0.00000000E+00    -0.13814999E+00   0.00000000E+00    -0.13814999E+00   0.00000000E+00
 -0.13814999E+00   0.00000000E+00     0.92791628E+00   0.00000000E+00     0.13814999E+00   0.00000000E+00
 -0.13814999E+00   0.00000000E+00     0.13814999E+00   0.00000000E+00     0.92791628E+00   0.00000000E+00
    1    2
 -0.41430355E+00   0.00000000E+00    -0.99533351E-01   0.00000000E+00    -0.99533351E-01   0.00000000E+00
 -0.99533351E-01   0.00000000E+00    -0.41430355E+00   0.00000000E+00     0.99533351E-01   0.00000000E+00
 -0.99533351E-01   0.00000000E+00     0.99533351E-01   0.00000000E+00    -0.41430355E+00   0.00000000E+00
    2    1
 -0.41430355E+00   0.00000000E+00    -0.99533351E-01   0.00000000E+00    -0.99533351E-01   0.00000000E+00
 -0.99533351E-01   0.00000000E+00    -0.41430355E+00   0.00000000E+00     0.99533351E-01   0.00000000E+00
 -0.99533351E-01   0.00000000E+00     0.99533351E-01   0.00000000E+00    -0.41430355E+00   0.00000000E+00
    2    2
  0.92791628E+00   0.00000000E+00    -0.13814999E+00   0.00000000E+00    -0.13814999E+00   0.00000000E+00
 -0.13814999E+00   0.00000000E+00     0.92791628E+00   0.00000000E+00     0.13814999E+00   0.00000000E+00
 -0.13814999E+00   0.00000000E+00     0.13814999E+00   0.00000000E+00     0.92791628E+00   0.00000000E+00

     Dynamical  Matrix in cartesian axes

     q = (    0.500000000   0.500000000  -0.500000000 ) 

    1    1
  0.92791628E+00   0.00000000E+00     0.13814999E+00   0.00000000E+00    -0.13814999E+00   0.00000000E+00
  0.13814999E+00   0.00000000E+00     0.92791628E+00   0.00000000E+00    -0.13814999E+00   0.00000000E+00
 -0.13814999E+00   0.00000000E+00    -0.13814999E+00   0.00000000E+00     0.92791628E+00   0.00000000E+00
    1    2
 -0.41430355E+00   0.00000000E+00     0.99533351E-01   0.00000000E+00    -0.99533351E-01   0.00000000E+00
  0.99533351E-01   0.00000000E+00    -0.41430355E+00   0.00000000E+00    -0.99533351E-01   0.00000000E+00
 -0.99533351E-01   0.00000000E+00    -0.99533351E-01   0.00000000E+00    -0.41430355E+00   0.00000000E+00
    2    1
 -0.41430355E+00   0.00000000E+00     0.99533351E-01   0.00000000E+00    -0.99533351E-01   0.00000000E+00
  0.99533351E-01   0.00000000E+00    -0.41430355E+00   0.00000000E+00    -0.99533351E-01   0.00000000E+00
 -0.99533351E-01   0.00000000E+00    -0.99533351E-01   0.00000000E+00    -0.41430355E+00   0.00000000E+00
    2    2
  0.92791628E+00   0.00000000E+00     0.13814999E+00   0.00000000E+00    -0.13814999E+00   0.00000000E+00
  0.13814999E+00   0.00000000E+00     0.92791628E+00   0.00000000E+00    -0.13814999E+00   0.00000000E+00
 -0.13814999E+00   0.00000000E+00    -0.13814999E+00   0.00000000E+00     0.92791628E+00   0.00000000E+00

     Diagonalizing the dynamical matrix

     q = (    0.500000000  -0.500000000   0.500000000 ) 

 **************************************************************************
     freq (    1) =      16.516758 [THz] =     550.939734 [cm-1]
 (  0.549466 -0.000000  0.428243  0.000000 -0.121223  0.000000 ) 
 (  0.549466 -0.000000  0.428243  0.000000 -0.121223  0.000000 ) 
     freq (    2) =      16.516758 [THz] =     550.939734 [cm-1]
 ( -0.177258  0.000000  0.387222  0.000000  0.564481  0.000000 ) 
 ( -0.177258  0.000000  0.387222  0.000000  0.564481  0.000000 ) 
     freq (    3) =      31.269393 [THz] =    1043.034672 [cm-1]
 ( -0.408248  0.000000  0.408248  0.000000 -0.408248  0.000000 ) 
 ( -0.408248  0.000000  0.408248  0.000000 -0.408248  0.000000 ) 
     freq (    4) =      35.900337 [THz] =    1197.506358 [cm-1]
 (  0.075964  0.000000 -0.457671  0.000000 -0.533635  0.000000 ) 
 ( -0.075964  0.000000  0.457671  0.000000  0.533635  0.000000 ) 
     freq (    5) =      35.900337 [THz] =    1197.506358 [cm-1]
 (  0.572331  0.000000  0.351952  0.000000 -0.220378  0.000000 ) 
 ( -0.572331  0.000000 -0.351952  0.000000  0.220378  0.000000 ) 
     freq (    6) =      37.461602 [THz] =    1249.584549 [cm-1]
 (  0.408248  0.000000 -0.408248  0.000000  0.408248  0.000000 ) 
 ( -0.408248  0.000000  0.408248  0.000000 -0.408248  0.000000 ) 
 **************************************************************************
