Dynamical matrix file
Ph                                                                         
  1    2   2   6.7420000   0.0000000   0.0000000   0.0000000   0.0000000   0.0000000
           1  'C      '    10947.083370705141     
    1    1      0.0000000000      0.0000000000      0.0000000000
    2    1      0.2500000000      0.2500000000      0.2500000000

     Dynamical  Matrix in cartesian axes

     q = (    0.000000000  -1.000000000   0.000000000 ) 

    1    1
  0.79201414E+00   0.00000000E+00     0.00000000E+00   0.00000000E+00    -0.11102230E-15   0.00000000E+00
  0.00000000E+00   0.00000000E+00     0.12985857E+01   0.00000000E+00     0.22204460E-15   0.00000000E+00
 -0.11102230E-15   0.00000000E+00     0.22204460E-15   0.00000000E+00     0.79201414E+00   0.00000000E+00
    1    2
 -0.20816682E-16  -0.17050884E-32    -0.20816682E-16   0.16434444E-33    -0.23081245E+00   0.14133186E-16
 -0.69388939E-17   0.16434444E-33    -0.69388939E-17   0.13763995E-32     0.69388939E-17   0.93471642E-33
 -0.23081245E+00   0.14133186E-16     0.69388939E-17   0.16434444E-33    -0.69388939E-17  -0.93471642E-33
    2    1
 -0.13877788E-16   0.17050884E-32     0.00000000E+00  -0.16434444E-33    -0.23081245E+00  -0.14133186E-16
  0.00000000E+00  -0.16434444E-33     0.13877788E-16  -0.13763995E-32     0.69388939E-17  -0.93471642E-33
 -0.23081245E+00  -0.14133186E-16     0.00000000E+00  -0.16434444E-33    -0.69388939E-17   0.93471642E-33
    2    2
  0.79201414E+00   0.00000000E+00     0.00000000E+00   0.00000000E+00    -0.11102230E-15   0.00000000E+00
  0.11102230E-15   0.00000000E+00     0.12985857E+01   0.00000000E+00     0.11102230E-15   0.00000000E+00
 -0.11102230E-15   0.00000000E+00    -0.11102230E-15   0.00000000E+00     0.79201414E+00   0.00000000E+00

     Dynamical  Matrix in cartesian axes

     q = (   -1.000000000   0.000000000   0.000000000 ) 

    1    1
  0.12985857E+01   0.00000000E+00    -0.11102230E-15   0.00000000E+00     0.11102230E-15   0.00000000E+00
 -0.11102230E-15   0.00000000E+00     0.79201414E+00   0.00000000E+00     0.33306691E-15   0.00000000E+00
  0.11102230E-15   0.00000000E+00     0.33306691E-15   0.00000000E+00     0.79201414E+00   0.00000000E+00
    1    2
  0.13877788E-16   0.36875154E-32     0.20816682E-16   0.24754604E-32     0.00000000E+00   0.13763995E-32
  0.13877788E-16   0.93471642E-33     0.20816682E-16  -0.93471642E-33    -0.23081245E+00   0.14133186E-16
  0.13877788E-16   0.60602754E-33    -0.23081245E+00   0.14133186E-16     0.00000000E+00  -0.17050884E-32
    2    1
  0.69388939E-17  -0.29171435E-32    -0.20816682E-16   0.13763995E-32     0.13877788E-16  -0.13763995E-32
  0.69388939E-17  -0.16434444E-33    -0.20816682E-16   0.47865763E-32    -0.23081245E+00  -0.14133186E-16
 -0.69388939E-17  -0.13763995E-32    -0.23081245E+00  -0.14133186E-16    -0.13877788E-16   0.16434444E-33
    2    2
  0.12985857E+01   0.00000000E+00    -0.11102230E-15   0.00000000E+00    -0.11102230E-15   0.00000000E+00
 -0.11102230E-15   0.00000000E+00     0.79201414E+00   0.00000000E+00     0.11102230E-15   0.00000000E+00
 -0.11102230E-15   0.00000000E+00     0.11102230E-15   0.00000000E+00     0.79201414E+00   0.00000000E+00

     Dynamical  Matrix in cartesian axes

     q = (    0.000000000   0.000000000  -1.000000000 ) 

    1    1
  0.79201414E+00   0.00000000E+00    -0.16653345E-15   0.00000000E+00    -0.55511151E-16   0.00000000E+00
 -0.16653345E-15   0.00000000E+00     0.79201414E+00   0.00000000E+00    -0.55511151E-16   0.00000000E+00
 -0.55511151E-16   0.00000000E+00     0.55511151E-16   0.00000000E+00     0.12985857E+01   0.00000000E+00
    1    2
 -0.27755576E-16   0.00000000E+00    -0.23081245E+00   0.14133186E-16     0.00000000E+00   0.00000000E+00
 -0.23081245E+00   0.14133186E-16     0.00000000E+00  -0.30814879E-32     0.00000000E+00   0.15407440E-32
 -0.27755576E-16   0.00000000E+00     0.00000000E+00   0.00000000E+00     0.00000000E+00   0.00000000E+00
    2    1
 -0.13877788E-16   0.00000000E+00    -0.23081245E+00  -0.14133186E-16    -0.13877788E-16   0.00000000E+00
 -0.23081245E+00  -0.14133186E-16     0.13877788E-16   0.00000000E+00    -0.13877788E-16   0.00000000E+00
  0.13877788E-16   0.00000000E+00    -0.13877788E-16   0.00000000E+00     0.13877788E-16   0.00000000E+00
    2    2
  0.79201414E+00   0.00000000E+00    -0.22204460E-15   0.00000000E+00     0.11102230E-15   0.00000000E+00
 -0.22204460E-15   0.00000000E+00     0.79201414E+00   0.00000000E+00     0.00000000E+00   0.00000000E+00
  0.00000000E+00   0.00000000E+00     0.00000000E+00   0.00000000E+00     0.12985857E+01   0.00000000E+00

     Diagonalizing the dynamical matrix

     q = (    0.000000000  -1.000000000   0.000000000 ) 

 **************************************************************************
     freq (    1) =      23.555119 [THz] =     785.714210 [cm-1]
 (  0.351974 -0.000000 -0.000000  0.000000 -0.613281  0.000000 ) 
 ( -0.613281  0.000000 -0.000000  0.000000  0.351974 -0.000000 ) 
     freq (    2) =      23.555119 [THz] =     785.714210 [cm-1]
 ( -0.613281  0.000000  0.000000  0.000000 -0.351974  0.000000 ) 
 ( -0.351974  0.000000 -0.000000  0.000000 -0.613281  0.000000 ) 
     freq (    3) =      31.799979 [THz] =    1060.733108 [cm-1]
 ( -0.476717  0.000000  0.000000  0.000000  0.522246  0.000000 ) 
 ( -0.522246  0.000000 -0.000000  0.000000  0.476717  0.000000 ) 
     freq (    4) =      31.799979 [THz] =    1060.733108 [cm-1]
 ( -0.522246  0.000000  0.000000  0.000000 -0.476717  0.000000 ) 
 (  0.476717  0.000000  0.000000  0.000000  0.522246  0.000000 ) 
     freq (    5) =      35.831182 [THz] =    1195.199573 [cm-1]
 ( -0.000000  0.000000 -0.820228  0.000000 -0.000000  0.000000 ) 
 ( -0.000000  0.000000  0.572037  0.000000  0.000000  0.000000 ) 
     freq (    6) =      35.831182 [THz] =    1195.199573 [cm-1]
 (  0.000000  0.000000  0.572037  0.000000  0.000000  0.000000 ) 
 ( -0.000000  0.000000  0.820228  0.000000  0.000000  0.000000 ) 
 **************************************************************************
