Dynamical matrix file
Ph                                                                         
  1    2   2   6.7420000   0.0000000   0.0000000   0.0000000   0.0000000   0.0000000
           1  'C      '    10947.083370705141     
    1    1      0.0000000000      0.0000000000      0.0000000000
    2    1      0.2500000000      0.2500000000      0.2500000000

     Dynamical  Matrix in cartesian axes

     q = (   -0.500000000  -1.000000000   0.000000000 ) 

    1    1
  0.82056171E+00  -0.21684043E-18     0.22204460E-15   0.21684043E-18     0.16653345E-15  -0.21684043E-18
  0.16653345E-15   0.21684043E-18     0.10194926E+01  -0.21684043E-18     0.55511151E-16  -0.12546126E+00
  0.16653345E-15  -0.21684043E-18     0.00000000E+00   0.12546126E+00     0.10194926E+01  -0.21684043E-18
    1    2
 -0.69388939E-17   0.69388939E-17    -0.78301962E-01   0.78301962E-01    -0.78301962E-01  -0.78301962E-01
 -0.78301962E-01   0.78301962E-01    -0.69388939E-17   0.69388939E-17     0.69388939E-17  -0.69388939E-17
 -0.78301962E-01  -0.78301962E-01     0.69388939E-17  -0.69388939E-17    -0.69388939E-17   0.69388939E-17
    2    1
 -0.13877788E-16   0.00000000E+00    -0.78301962E-01  -0.78301962E-01    -0.78301962E-01   0.78301962E-01
 -0.78301962E-01  -0.78301962E-01     0.00000000E+00   0.00000000E+00     0.69388939E-17   0.00000000E+00
 -0.78301962E-01   0.78301962E-01     0.00000000E+00   0.00000000E+00    -0.13877788E-16   0.00000000E+00
    2    2
  0.82056171E+00  -0.21684043E-18    -0.22204460E-15   0.21684043E-18    -0.55511151E-16  -0.21684043E-18
 -0.22204460E-15   0.21684043E-18     0.10194926E+01  -0.21684043E-18     0.55511151E-16   0.12546126E+00
 -0.11102230E-15  -0.21684043E-18     0.00000000E+00  -0.12546126E+00     0.10194926E+01  -0.21684043E-18

     Dynamical  Matrix in cartesian axes

     q = (    0.000000000   1.000000000   0.500000000 ) 

    1    1
  0.10194926E+01   0.00000000E+00     0.11102230E-15  -0.12546126E+00     0.00000000E+00   0.00000000E+00
  0.00000000E+00   0.12546126E+00     0.10194926E+01   0.00000000E+00     0.11102230E-15   0.00000000E+00
  0.00000000E+00   0.00000000E+00     0.11102230E-15   0.13877788E-16     0.82056171E+00   0.00000000E+00
    1    2
 -0.11938285E-16   0.60715322E-17    -0.15817290E-16   0.86736174E-18    -0.78301962E-01   0.78301962E-01
 -0.11938285E-16   0.78062556E-17    -0.15817290E-16  -0.86736174E-18    -0.78301962E-01  -0.78301962E-01
 -0.78301962E-01   0.78301962E-01    -0.78301962E-01  -0.78301962E-01    -0.15431855E-16  -0.86736174E-18
    2    1
 -0.32646679E-17   0.17347235E-17     0.32646679E-17  -0.15612511E-16    -0.78301962E-01  -0.78301962E-01
 -0.32646679E-17  -0.17347235E-17     0.32646679E-17  -0.12143064E-16    -0.78301962E-01   0.78301962E-01
 -0.78301962E-01  -0.78301962E-01    -0.78301962E-01   0.78301962E-01    -0.24214289E-17   0.17347235E-17
    2    2
  0.10194926E+01   0.00000000E+00     0.00000000E+00   0.12546126E+00    -0.11102230E-15   0.00000000E+00
  0.00000000E+00  -0.12546126E+00     0.10194926E+01   0.00000000E+00     0.11102230E-15   0.00000000E+00
 -0.11102230E-15   0.00000000E+00     0.00000000E+00  -0.13877788E-16     0.82056171E+00   0.00000000E+00

     Dynamical  Matrix in cartesian axes

     q = (    0.000000000  -1.000000000  -0.500000000 ) 

    1    1
  0.10194926E+01   0.00000000E+00     0.00000000E+00   0.12546126E+00    -0.11102230E-15   0.00000000E+00
  0.00000000E+00  -0.12546126E+00     0.10194926E+01   0.00000000E+00     0.11102230E-15   0.00000000E+00
 -0.11102230E-15   0.00000000E+00     0.00000000E+00  -0.13877788E-16     0.82056171E+00   0.00000000E+00
    1    2
  0.10613120E-16   0.17347235E-17     0.17142456E-16  -0.86736174E-17    -0.78301962E-01  -0.78301962E-01
  0.10613120E-16  -0.17347235E-17     0.17142456E-16  -0.52041704E-17    -0.78301962E-01   0.78301962E-01
 -0.78301962E-01  -0.78301962E-01    -0.78301962E-01   0.78301962E-01     0.11456359E-16   0.17347235E-17
    2    1
  0.19395025E-17   0.60715322E-17    -0.19395025E-17   0.86736174E-18    -0.78301962E-01   0.78301962E-01
  0.19395025E-17   0.78062556E-17    -0.19395025E-17  -0.86736174E-18    -0.78301962E-01  -0.78301962E-01
 -0.78301962E-01   0.78301962E-01    -0.78301962E-01  -0.78301962E-01    -0.15540672E-17  -0.86736174E-18
    2    2
  0.10194926E+01   0.00000000E+00     0.11102230E-15  -0.12546126E+00     0.00000000E+00   0.00000000E+00
  0.00000000E+00   0.12546126E+00     0.10194926E+01   0.00000000E+00     0.22204460E-15   0.00000000E+00
  0.00000000E+00   0.00000000E+00     0.11102230E-15   0.13877788E-16     0.82056171E+00   0.00000000E+00

     Dynamical  Matrix in cartesian axes

     q = (    0.500000000   1.000000000   0.000000000 ) 

    1    1
  0.82056171E+00  -0.21684043E-18     0.00000000E+00   0.21684043E-18    -0.11102230E-15  -0.21684043E-18
  0.00000000E+00   0.21684043E-18     0.10194926E+01  -0.21684043E-18     0.00000000E+00   0.12546126E+00
 -0.11102230E-15  -0.21684043E-18     0.00000000E+00  -0.12546126E+00     0.10194926E+01  -0.21684043E-18
    1    2
  0.69388939E-17   0.00000000E+00    -0.78301962E-01  -0.78301962E-01    -0.78301962E-01   0.78301962E-01
 -0.78301962E-01  -0.78301962E-01     0.00000000E+00   0.00000000E+00     0.00000000E+00   0.00000000E+00
 -0.78301962E-01   0.78301962E-01     0.00000000E+00   0.00000000E+00     0.00000000E+00   0.00000000E+00
    2    1
  0.00000000E+00   0.00000000E+00    -0.78301962E-01   0.78301962E-01    -0.78301962E-01  -0.78301962E-01
 -0.78301962E-01   0.78301962E-01    -0.13877788E-16   0.00000000E+00    -0.69388939E-17   0.00000000E+00
 -0.78301962E-01  -0.78301962E-01     0.00000000E+00   0.00000000E+00     0.69388939E-17   0.00000000E+00
    2    2
  0.82056171E+00  -0.21684043E-18     0.55511151E-16   0.21684043E-18     0.00000000E+00  -0.21684043E-18
  0.00000000E+00   0.21684043E-18     0.10194926E+01  -0.21684043E-18     0.00000000E+00  -0.12546126E+00
  0.00000000E+00  -0.21684043E-18     0.55511151E-16   0.12546126E+00     0.10194926E+01  -0.21684043E-18

     Dynamical  Matrix in cartesian axes

     q = (   -1.000000000  -0.500000000   0.000000000 ) 

    1    1
  0.10194926E+01  -0.21684043E-18     0.55511151E-16   0.21684043E-18    -0.11102230E-15  -0.12546126E+00
  0.00000000E+00   0.21684043E-18     0.82056171E+00  -0.21684043E-18     0.11102230E-15  -0.13660947E-16
  0.00000000E+00   0.12546126E+00     0.16653345E-15   0.21684043E-18     0.10194926E+01  -0.21684043E-18
    1    2
  0.00000000E+00  -0.69388939E-17    -0.78301962E-01   0.78301962E-01     0.00000000E+00   0.69388939E-17
 -0.78301962E-01   0.78301962E-01     0.00000000E+00   0.00000000E+00    -0.78301962E-01  -0.78301962E-01
  0.00000000E+00  -0.69388939E-17    -0.78301962E-01  -0.78301962E-01     0.00000000E+00   0.69388939E-17
    2    1
  0.00000000E+00   0.00000000E+00    -0.78301962E-01  -0.78301962E-01     0.00000000E+00   0.69388939E-17
 -0.78301962E-01  -0.78301962E-01     0.00000000E+00   0.00000000E+00    -0.78301962E-01   0.78301962E-01
  0.00000000E+00   0.00000000E+00    -0.78301962E-01   0.78301962E-01     0.00000000E+00   0.69388939E-17
    2    2
  0.10194926E+01  -0.21684043E-18    -0.55511151E-16   0.21684043E-18    -0.55511151E-16   0.12546126E+00
 -0.11102230E-15   0.21684043E-18     0.82056171E+00  -0.21684043E-18    -0.55511151E-16   0.14094628E-16
  0.11102230E-15  -0.12546126E+00    -0.55511151E-16   0.21684043E-18     0.10194926E+01  -0.21684043E-18

     Dynamical  Matrix in cartesian axes

     q = (    0.000000000  -0.500000000  -1.000000000 ) 

    1    1
  0.10194926E+01  -0.21684043E-18    -0.55511151E-16   0.21684043E-18     0.00000000E+00   0.12546126E+00
 -0.11102230E-15   0.21684043E-18     0.82056171E+00  -0.21684043E-18     0.00000000E+00   0.14094628E-16
  0.11102230E-15  -0.12546126E+00     0.55511151E-16   0.21684043E-18     0.10194926E+01  -0.21684043E-18
    1    2
  0.69388939E-17  -0.69388939E-17    -0.78301962E-01  -0.78301962E-01     0.69388939E-17  -0.69388939E-17
 -0.78301962E-01  -0.78301962E-01     0.69388939E-17  -0.69388939E-17    -0.78301962E-01   0.78301962E-01
  0.69388939E-17  -0.69388939E-17    -0.78301962E-01   0.78301962E-01     0.69388939E-17  -0.69388939E-17
    2    1
  0.00000000E+00   0.00000000E+00    -0.78301962E-01   0.78301962E-01     0.00000000E+00   0.00000000E+00
 -0.78301962E-01   0.78301962E-01     0.00000000E+00   0.69388939E-17    -0.78301962E-01  -0.78301962E-01
  0.00000000E+00   0.00000000E+00    -0.78301962E-01  -0.78301962E-01     0.00000000E+00   0.00000000E+00
    2    2
  0.10194926E+01  -0.21684043E-18    -0.55511151E-16   0.21684043E-18     0.00000000E+00  -0.12546126E+00
 -0.11102230E-15   0.21684043E-18     0.82056171E+00  -0.21684043E-18     0.00000000E+00  -0.13660947E-16
  0.11102230E-15   0.12546126E+00     0.55511151E-16   0.21684043E-18     0.10194926E+01  -0.21684043E-18

     Diagonalizing the dynamical matrix

     q = (   -0.500000000  -1.000000000   0.000000000 ) 

 **************************************************************************
     freq (    1) =      27.362708 [THz] =     912.721688 [cm-1]
 (  0.399485  0.399485  0.127791 -0.166659  0.166659  0.127791 ) 
 (  0.728880 -0.096213  0.000000  0.161382  0.161382  0.000000 ) 
     freq (    2) =      27.362708 [THz] =     912.721688 [cm-1]
 (  0.519867  0.519867 -0.098199  0.128067 -0.128067 -0.098199 ) 
 ( -0.560098  0.073934  0.000000  0.210014  0.210014  0.000000 ) 
     freq (    3) =      29.730499 [THz] =     991.702685 [cm-1]
 ( -0.000000 -0.000000 -0.014019  0.005969  0.005969  0.014019 ) 
 (  0.000000  0.000000 -0.000000 -0.706943  0.706943  0.000000 ) 
     freq (    4) =      29.730499 [THz] =     991.702685 [cm-1]
 (  0.000000  0.000000  0.650429 -0.276965 -0.276965 -0.650429 ) 
 (  0.000000 -0.000000  0.000000 -0.015237  0.015237  0.000000 ) 
     freq (    5) =      34.561970 [THz] =    1152.863226 [cm-1]
 (  0.000000  0.000000  0.510525 -0.411356  0.411356  0.510525 ) 
 ( -0.372418 -0.040062 -0.000000 -0.000000 -0.000000  0.000000 ) 
     freq (    6) =      34.561970 [THz] =    1152.863226 [cm-1]
 ( -0.264859 -0.264859  0.000000 -0.000000  0.000000  0.000000 ) 
 ( -0.000000 -0.000000 -0.000000  0.655629  0.655629  0.000000 ) 
 **************************************************************************
