Dynamical matrix file
                                                                           
  1    2  4  4.6074235  0.0000000  3.0000000  0.0000000  0.0000000  0.0000000
           1  'C   '    10947.083358978085     
    1    1      0.5000000000      0.2886800000      0.0000000000
    2    1      0.5000000000     -0.2886800000      0.0000000000

     Dynamical  Matrix in cartesian axes

     q = (    0.000000000   0.000000000   0.000000000 ) 

    1    1
  1.14394450  0.00000000   -0.00000000  0.00000000    0.00000000  0.00000000
 -0.00000000  0.00000000    1.14394450  0.00000000    0.00000000  0.00000000
  0.00000000  0.00000000    0.00000000  0.00000000    0.16299785  0.00000000
    1    2
 -1.14183465  0.00000000   -0.00000000  0.00000000    0.00000000  0.00000000
  0.00000000  0.00000000   -1.14183465  0.00000000    0.00000000  0.00000000
  0.00000000  0.00000000    0.00000000  0.00000000   -0.16247024  0.00000000
    2    1
 -1.14183465  0.00000000    0.00000000  0.00000000    0.00000000  0.00000000
  0.00000000  0.00000000   -1.14183465  0.00000000    0.00000000  0.00000000
  0.00000000  0.00000000   -0.00000000  0.00000000   -0.16247024  0.00000000
    2    2
  1.14394450  0.00000000   -0.00000000  0.00000000    0.00000000  0.00000000
 -0.00000000  0.00000000    1.14394450  0.00000000    0.00000000  0.00000000
  0.00000000  0.00000000    0.00000000  0.00000000    0.16299785  0.00000000

     Diagonalizing the dynamical matrix

     q = (    0.000000000   0.000000000   0.000000000 ) 

 **************************************************************************
     freq (    1) =       0.722237 [THz] =      24.091226 [cm-1]
 (  0.000000  0.000000 -0.000000  0.000000  0.707107  0.000000 ) 
 (  0.000000  0.000000 -0.000000  0.000000  0.707107  0.000000 ) 
     freq (    2) =       1.444278 [THz] =      48.175941 [cm-1]
 (  0.166272  0.000000  0.687280 -0.000000  0.000000 -0.000000 ) 
 (  0.166272  0.000000  0.687280 -0.000000  0.000000 -0.000000 ) 
     freq (    3) =       1.444278 [THz] =      48.175941 [cm-1]
 (  0.687280  0.000000 -0.166272  0.000000 -0.000000  0.000000 ) 
 (  0.687280  0.000000 -0.166272  0.000000 -0.000000  0.000000 ) 
     freq (    4) =      17.938248 [THz] =     598.355553 [cm-1]
 ( -0.000000  0.000000 -0.000000  0.000000 -0.707107  0.000000 ) 
 ( -0.000000  0.000000 -0.000000  0.000000  0.707107  0.000000 ) 
     freq (    5) =      47.538224 [THz] =    1585.704482 [cm-1]
 ( -0.000001  0.000000 -0.707107  0.000000  0.000000  0.000000 ) 
 (  0.000001  0.000000  0.707107  0.000000 -0.000000  0.000000 ) 
     freq (    6) =      47.538224 [THz] =    1585.704482 [cm-1]
 (  0.707107  0.000000 -0.000001  0.000000  0.000000  0.000000 ) 
 ( -0.707107  0.000000  0.000001  0.000000  0.000000  0.000000 ) 
 **************************************************************************
