Dynamical matrix file
                                                                           
  1    2  4  4.6074235  0.0000000  3.0000000  0.0000000  0.0000000  0.0000000
           1  'C   '    10947.083358978085     
    1    1      0.5000000000      0.2886800000      0.0000000000
    2    1      0.5000000000     -0.2886800000      0.0000000000

     Dynamical  Matrix in cartesian axes

     q = (    0.000000000   0.288675135   0.000000000 ) 

    1    1
  1.07037039  0.00000000    0.00000000  0.00000000    0.00000000  0.00000000
  0.00000000  0.00000000    1.44769834  0.00000000    0.00000000  0.00000000
  0.00000000  0.00000000    0.00000000  0.00000000    0.14158914  0.00000000
    1    2
 -0.14153280 -0.87475528    0.00000000  0.00000000    0.00000000  0.00000000
  0.00000000  0.00000000   -0.59317001 -0.56978589    0.00000000  0.00000000
  0.00000000  0.00000000    0.00000000  0.00000000   -0.09413375 -0.15123348
    2    1
 -0.14153280  0.87475528    0.00000000  0.00000000    0.00000000  0.00000000
  0.00000000  0.00000000   -0.59317001  0.56978589    0.00000000  0.00000000
  0.00000000  0.00000000    0.00000000  0.00000000   -0.09413375  0.15123348
    2    2
  1.07037039  0.00000000    0.00000000  0.00000000    0.00000000  0.00000000
  0.00000000  0.00000000    1.44769834  0.00000000    0.00000000  0.00000000
  0.00000000  0.00000000    0.00000000  0.00000000    0.14158914  0.00000000

     Dynamical  Matrix in cartesian axes

     q = (    0.000000000  -0.288675135   0.000000000 ) 

    1    1
  1.07037039  0.00000000    0.00000000  0.00000000    0.00000000  0.00000000
  0.00000000  0.00000000    1.44769834  0.00000000    0.00000000  0.00000000
  0.00000000  0.00000000    0.00000000  0.00000000    0.14158914  0.00000000
    1    2
 -0.14153280  0.87475528    0.00000000  0.00000000    0.00000000  0.00000000
  0.00000000  0.00000000   -0.59317001  0.56978589    0.00000000  0.00000000
  0.00000000  0.00000000    0.00000000  0.00000000   -0.09413375  0.15123348
    2    1
 -0.14153280 -0.87475528    0.00000000  0.00000000    0.00000000  0.00000000
  0.00000000  0.00000000   -0.59317001 -0.56978589    0.00000000  0.00000000
  0.00000000  0.00000000    0.00000000  0.00000000   -0.09413375 -0.15123348
    2    2
  1.07037039  0.00000000    0.00000000  0.00000000    0.00000000  0.00000000
  0.00000000  0.00000000    1.44769834  0.00000000    0.00000000  0.00000000
  0.00000000  0.00000000    0.00000000  0.00000000    0.14158914  0.00000000

     Dynamical  Matrix in cartesian axes

     q = (   -0.250000000  -0.144337567   0.000000000 ) 

    1    1
  1.35336635  0.00000000    0.16338779  0.00000000    0.00000000  0.00000000
  0.16338779  0.00000000    1.16470238  0.00000000    0.00000000  0.00000000
  0.00000000  0.00000000    0.00000000  0.00000000    0.14158914  0.00000000
    1    2
 -0.64601552  0.48027781    0.13206080  0.19556115    0.00000000  0.00000000
  0.13206080  0.19556115   -0.79850620  0.25446324    0.00000000  0.00000000
  0.00000000  0.00000000    0.00000000  0.00000000   -0.15123098  0.09413775
    2    1
 -0.64601552 -0.48027781    0.13206080 -0.19556115    0.00000000  0.00000000
  0.13206080 -0.19556115   -0.79850620 -0.25446324    0.00000000  0.00000000
  0.00000000  0.00000000    0.00000000  0.00000000   -0.15123098 -0.09413775
    2    2
  1.35336635  0.00000000    0.16338779  0.00000000    0.00000000  0.00000000
  0.16338779  0.00000000    1.16470238  0.00000000    0.00000000  0.00000000
  0.00000000  0.00000000    0.00000000  0.00000000    0.14158914  0.00000000

     Dynamical  Matrix in cartesian axes

     q = (    0.250000000  -0.144337567   0.000000000 ) 

    1    1
  1.35336635  0.00000000   -0.16338779  0.00000000    0.00000000  0.00000000
 -0.16338779  0.00000000    1.16470238  0.00000000    0.00000000  0.00000000
  0.00000000  0.00000000    0.00000000  0.00000000    0.14158914  0.00000000
    1    2
 -0.64601552  0.48027781   -0.13206080 -0.19556115    0.00000000  0.00000000
 -0.13206080 -0.19556115   -0.79850620  0.25446324    0.00000000  0.00000000
  0.00000000  0.00000000    0.00000000  0.00000000   -0.15123098  0.09413775
    2    1
 -0.64601552 -0.48027781   -0.13206080  0.19556115    0.00000000  0.00000000
 -0.13206080  0.19556115   -0.79850620 -0.25446324    0.00000000  0.00000000
  0.00000000  0.00000000    0.00000000  0.00000000   -0.15123098 -0.09413775
    2    2
  1.35336635  0.00000000   -0.16338779  0.00000000    0.00000000  0.00000000
 -0.16338779  0.00000000    1.16470238  0.00000000    0.00000000  0.00000000
  0.00000000  0.00000000    0.00000000  0.00000000    0.14158914  0.00000000

     Dynamical  Matrix in cartesian axes

     q = (   -0.250000000   0.144337567   0.000000000 ) 

    1    1
  1.35336635  0.00000000   -0.16338779  0.00000000    0.00000000  0.00000000
 -0.16338779  0.00000000    1.16470238  0.00000000    0.00000000  0.00000000
  0.00000000  0.00000000    0.00000000  0.00000000    0.14158914  0.00000000
    1    2
 -0.64601552 -0.48027781   -0.13206080  0.19556115    0.00000000  0.00000000
 -0.13206080  0.19556115   -0.79850620 -0.25446324    0.00000000  0.00000000
  0.00000000  0.00000000    0.00000000  0.00000000   -0.15123098 -0.09413775
    2    1
 -0.64601552  0.48027781   -0.13206080 -0.19556115    0.00000000  0.00000000
 -0.13206080 -0.19556115   -0.79850620  0.25446324    0.00000000  0.00000000
  0.00000000  0.00000000    0.00000000  0.00000000   -0.15123098  0.09413775
    2    2
  1.35336635  0.00000000   -0.16338779  0.00000000    0.00000000  0.00000000
 -0.16338779  0.00000000    1.16470238  0.00000000    0.00000000  0.00000000
  0.00000000  0.00000000    0.00000000  0.00000000    0.14158914  0.00000000

     Dynamical  Matrix in cartesian axes

     q = (    0.250000000   0.144337567   0.000000000 ) 

    1    1
  1.35336635  0.00000000    0.16338779  0.00000000    0.00000000  0.00000000
  0.16338779  0.00000000    1.16470238  0.00000000    0.00000000  0.00000000
  0.00000000  0.00000000    0.00000000  0.00000000    0.14158914  0.00000000
    1    2
 -0.64601552 -0.48027781    0.13206080 -0.19556115    0.00000000  0.00000000
  0.13206080 -0.19556115   -0.79850620 -0.25446324    0.00000000  0.00000000
  0.00000000  0.00000000    0.00000000  0.00000000   -0.15123098 -0.09413775
    2    1
 -0.64601552  0.48027781    0.13206080  0.19556115    0.00000000  0.00000000
  0.13206080  0.19556115   -0.79850620  0.25446324    0.00000000  0.00000000
  0.00000000  0.00000000    0.00000000  0.00000000   -0.15123098  0.09413775
    2    2
  1.35336635  0.00000000    0.16338779  0.00000000    0.00000000  0.00000000
  0.16338779  0.00000000    1.16470238  0.00000000    0.00000000  0.00000000
  0.00000000  0.00000000    0.00000000  0.00000000    0.14158914  0.00000000

     Diagonalizing the dynamical matrix

     q = (    0.000000000   0.288675135   0.000000000 ) 

 **************************************************************************
     freq (    1) =      -6.011124 [THz] =    -200.509526 [cm-1]
 (  0.000000 -0.000000  0.000000  0.000000  0.373660  0.600315 ) 
 ( -0.000000 -0.000000  0.000000 -0.000000  0.707107  0.000000 ) 
     freq (    2) =      13.496369 [THz] =     450.190412 [cm-1]
 (  0.673323 -0.215955  0.000000 -0.000000 -0.000000 -0.000000 ) 
 ( -0.105640 -0.699171  0.000000 -0.000000  0.000000 -0.000000 ) 
     freq (    3) =      17.779305 [THz] =     593.053770 [cm-1]
 (  0.000000 -0.000000  0.000000  0.000000  0.373660  0.600315 ) 
 ( -0.000000 -0.000000  0.000000 -0.000000 -0.707107  0.000000 ) 
     freq (    4) =      24.861919 [THz] =     829.304364 [cm-1]
 ( -0.000000 -0.000000  0.525005  0.473677 -0.000000 -0.000000 ) 
 ( -0.000000  0.000000  0.706762 -0.022091  0.000000  0.000000 ) 
     freq (    5) =      43.981083 [THz] =    1467.051004 [cm-1]
 (  0.471418  0.527034 -0.000000 -0.000000 -0.000000 -0.000000 ) 
 ( -0.595563  0.381188  0.000000 -0.000000  0.000000  0.000000 ) 
     freq (    6) =      47.375930 [THz] =    1580.290911 [cm-1]
 (  0.000000  0.000000  0.525005  0.473677  0.000000  0.000000 ) 
 ( -0.000000  0.000000 -0.706762  0.022091 -0.000000  0.000000 ) 
 **************************************************************************
