Dynamical matrix file
                                                                           
  1    2  4  4.6074235  0.0000000  3.0000000  0.0000000  0.0000000  0.0000000
           1  'C   '    10947.083358978085     
    1    1      0.5000000000      0.2886800000      0.0000000000
    2    1      0.5000000000     -0.2886800000      0.0000000000

     Dynamical  Matrix in cartesian axes

     q = (    0.000000000  -0.577350269   0.000000000 ) 

    1    1
  1.02699174  0.00000000    0.00000000  0.00000000    0.00000000  0.00000000
  0.00000000  0.00000000    1.68801426  0.00000000    0.00000000  0.00000000
  0.00000000  0.00000000    0.00000000  0.00000000    0.10083558  0.00000000
    1    2
  0.76221503  0.00000000    0.00000000  0.00000000    0.00000000  0.00000000
  0.00000000  0.00000000   -0.07918541  0.00000000    0.00000000  0.00000000
  0.00000000  0.00000000    0.00000000  0.00000000    0.00915875  0.00000000
    2    1
  0.76221503  0.00000000    0.00000000  0.00000000    0.00000000  0.00000000
  0.00000000  0.00000000   -0.07918541  0.00000000    0.00000000  0.00000000
  0.00000000  0.00000000    0.00000000  0.00000000    0.00915875  0.00000000
    2    2
  1.02699174  0.00000000    0.00000000  0.00000000    0.00000000  0.00000000
  0.00000000  0.00000000    1.68801426  0.00000000    0.00000000  0.00000000
  0.00000000  0.00000000    0.00000000  0.00000000    0.10083558  0.00000000

     Dynamical  Matrix in cartesian axes

     q = (    0.500000000   0.288675135   0.000000000 ) 

    1    1
  1.52275863  0.00000000    0.28623115  0.00000000    0.00000000  0.00000000
  0.28623115  0.00000000    1.19224737  0.00000000    0.00000000  0.00000000
  0.00000000  0.00000000    0.00000000  0.00000000    0.10083558  0.00000000
    1    2
 -0.13116470 -0.00000695    0.36433708  0.00001929    0.00000000  0.00000000
  0.36433708  0.00001929   -0.55186492 -0.00002922    0.00000000  0.00000000
  0.00000000  0.00000000    0.00000000  0.00000000   -0.00915875 -0.00000048
    2    1
 -0.13116470  0.00000695    0.36433708 -0.00001929    0.00000000  0.00000000
  0.36433708 -0.00001929   -0.55186492  0.00002922    0.00000000  0.00000000
  0.00000000  0.00000000    0.00000000  0.00000000   -0.00915875  0.00000048
    2    2
  1.52275863  0.00000000    0.28623115  0.00000000    0.00000000  0.00000000
  0.28623115  0.00000000    1.19224737  0.00000000    0.00000000  0.00000000
  0.00000000  0.00000000    0.00000000  0.00000000    0.10083558  0.00000000

     Dynamical  Matrix in cartesian axes

     q = (   -0.500000000   0.288675135   0.000000000 ) 

    1    1
  1.52275863  0.00000000   -0.28623115  0.00000000    0.00000000  0.00000000
 -0.28623115  0.00000000    1.19224737  0.00000000    0.00000000  0.00000000
  0.00000000  0.00000000    0.00000000  0.00000000    0.10083558  0.00000000
    1    2
 -0.13116470 -0.00000695   -0.36433708 -0.00001929    0.00000000  0.00000000
 -0.36433708 -0.00001929   -0.55186492 -0.00002922    0.00000000  0.00000000
  0.00000000  0.00000000    0.00000000  0.00000000   -0.00915875 -0.00000048
    2    1
 -0.13116470  0.00000695   -0.36433708  0.00001929    0.00000000  0.00000000
 -0.36433708  0.00001929   -0.55186492  0.00002922    0.00000000  0.00000000
  0.00000000  0.00000000    0.00000000  0.00000000   -0.00915875  0.00000048
    2    2
  1.52275863  0.00000000   -0.28623115  0.00000000    0.00000000  0.00000000
 -0.28623115  0.00000000    1.19224737  0.00000000    0.00000000  0.00000000
  0.00000000  0.00000000    0.00000000  0.00000000    0.10083558  0.00000000

     Diagonalizing the dynamical matrix

     q = (    0.000000000  -0.577350269   0.000000000 ) 

 **************************************************************************
     freq (    1) =       9.520409 [THz] =     317.566672 [cm-1]
 ( -0.000000  0.000000  0.000000  0.000000  0.707107  0.000000 ) 
 (  0.000000  0.000000  0.000000  0.000000 -0.707107  0.000000 ) 
     freq (    2) =      10.428239 [THz] =     347.848615 [cm-1]
 ( -0.000000  0.000000  0.000000  0.000000  0.707107  0.000000 ) 
 (  0.000000  0.000000  0.000000  0.000000  0.707107  0.000000 ) 
     freq (    3) =      16.179523 [THz] =     539.690797 [cm-1]
 ( -0.707107  0.000000  0.000000  0.000000 -0.000000  0.000000 ) 
 (  0.707107  0.000000  0.000000  0.000000  0.000000  0.000000 ) 
     freq (    4) =      39.882351 [THz] =    1330.332016 [cm-1]
 ( -0.000000  0.000000 -0.707107  0.000000  0.000000  0.000000 ) 
 ( -0.000000  0.000000 -0.707107  0.000000  0.000000  0.000000 ) 
     freq (    5) =      41.799264 [THz] =    1394.273367 [cm-1]
 ( -0.000000  0.000000 -0.707107  0.000000 -0.000000  0.000000 ) 
 ( -0.000000  0.000000  0.707107  0.000000  0.000000  0.000000 ) 
     freq (    6) =      42.058724 [THz] =    1402.928011 [cm-1]
 (  0.707107  0.000000 -0.000000  0.000000 -0.000000  0.000000 ) 
 (  0.707107  0.000000  0.000000  0.000000  0.000000  0.000000 ) 
 **************************************************************************
