Dynamical matrix file
                                                                           
  1    2  4  4.6074235  0.0000000  3.0000000  0.0000000  0.0000000  0.0000000
           1  'C   '    10947.083358978085     
    1    1      0.5000000000      0.2886800000      0.0000000000
    2    1      0.5000000000     -0.2886800000      0.0000000000

     Dynamical  Matrix in cartesian axes

     q = (    0.250000000   0.433012702   0.000000000 ) 

    1    1
  1.25270461  0.00000000    0.14188272 -0.00908346    0.00000000  0.00000000
  0.14188272  0.00908346    1.41653666  0.00000000    0.00000000  0.00000000
  0.00000000  0.00000000    0.00000000  0.00000000    0.10975237  0.00000000
    1    2
  0.28517905 -0.38112337    0.16464001  0.08950086    0.00000000  0.00000000
  0.16464001  0.08950086   -0.28516160 -0.27779681    0.00000000  0.00000000
  0.00000000  0.00000000    0.00000000  0.00000000    0.00000280 -0.10585074
    2    1
  0.28517905  0.38112337    0.16464001 -0.08950086    0.00000000  0.00000000
  0.16464001 -0.08950086   -0.28516160  0.27779681    0.00000000  0.00000000
  0.00000000  0.00000000    0.00000000  0.00000000    0.00000280  0.10585074
    2    2
  1.25270461  0.00000000    0.14188272  0.00908346    0.00000000  0.00000000
  0.14188272 -0.00908346    1.41653666  0.00000000    0.00000000  0.00000000
  0.00000000  0.00000000    0.00000000  0.00000000    0.10975237  0.00000000

     Dynamical  Matrix in cartesian axes

     q = (   -0.250000000  -0.433012702   0.000000000 ) 

    1    1
  1.25270461  0.00000000    0.14188272  0.00908346    0.00000000  0.00000000
  0.14188272 -0.00908346    1.41653666  0.00000000    0.00000000  0.00000000
  0.00000000  0.00000000    0.00000000  0.00000000    0.10975237  0.00000000
    1    2
  0.28517905  0.38112337    0.16464001 -0.08950086    0.00000000  0.00000000
  0.16464001 -0.08950086   -0.28516160  0.27779681    0.00000000  0.00000000
  0.00000000  0.00000000    0.00000000  0.00000000    0.00000280  0.10585074
    2    1
  0.28517905 -0.38112337    0.16464001  0.08950086    0.00000000  0.00000000
  0.16464001  0.08950086   -0.28516160 -0.27779681    0.00000000  0.00000000
  0.00000000  0.00000000    0.00000000  0.00000000    0.00000280 -0.10585074
    2    2
  1.25270461  0.00000000    0.14188272 -0.00908346    0.00000000  0.00000000
  0.14188272  0.00908346    1.41653666  0.00000000    0.00000000  0.00000000
  0.00000000  0.00000000    0.00000000  0.00000000    0.10975237  0.00000000

     Dynamical  Matrix in cartesian axes

     q = (    0.250000000  -0.433012702   0.000000000 ) 

    1    1
  1.25270461  0.00000000   -0.14188272 -0.00908346    0.00000000  0.00000000
 -0.14188272  0.00908346    1.41653666  0.00000000    0.00000000  0.00000000
  0.00000000  0.00000000    0.00000000  0.00000000    0.10975237  0.00000000
    1    2
  0.28517905  0.38112337   -0.16464001  0.08950086    0.00000000  0.00000000
 -0.16464001  0.08950086   -0.28516160  0.27779681    0.00000000  0.00000000
  0.00000000  0.00000000    0.00000000  0.00000000    0.00000280  0.10585074
    2    1
  0.28517905 -0.38112337   -0.16464001 -0.08950086    0.00000000  0.00000000
 -0.16464001 -0.08950086   -0.28516160 -0.27779681    0.00000000  0.00000000
  0.00000000  0.00000000    0.00000000  0.00000000    0.00000280 -0.10585074
    2    2
  1.25270461  0.00000000   -0.14188272  0.00908346    0.00000000  0.00000000
 -0.14188272 -0.00908346    1.41653666  0.00000000    0.00000000  0.00000000
  0.00000000  0.00000000    0.00000000  0.00000000    0.10975237  0.00000000

     Dynamical  Matrix in cartesian axes

     q = (    0.500000000   0.000000000   0.000000000 ) 

    1    1
  1.49845268  0.00000000    0.00000000  0.00908346    0.00000000  0.00000000
  0.00000000 -0.00908346    1.17078858  0.00000000    0.00000000  0.00000000
  0.00000000  0.00000000    0.00000000  0.00000000    0.10975237  0.00000000
    1    2
 -0.22611843  0.00000000    0.00000000 -0.32928475    0.00000000  0.00000000
  0.00000000 -0.32928475   -0.43280175  0.00000000    0.00000000  0.00000000
  0.00000000  0.00000000    0.00000000  0.00000000   -0.10585074  0.00000000
    2    1
 -0.22611843  0.00000000    0.00000000  0.32928475    0.00000000  0.00000000
  0.00000000  0.32928475   -0.43280175  0.00000000    0.00000000  0.00000000
  0.00000000  0.00000000    0.00000000  0.00000000   -0.10585074  0.00000000
    2    2
  1.49845268  0.00000000    0.00000000 -0.00908346    0.00000000  0.00000000
  0.00000000  0.00908346    1.17078858  0.00000000    0.00000000  0.00000000
  0.00000000  0.00000000    0.00000000  0.00000000    0.10975237  0.00000000

     Dynamical  Matrix in cartesian axes

     q = (   -0.500000000   0.000000000   0.000000000 ) 

    1    1
  1.49845268  0.00000000    0.00000000 -0.00908346    0.00000000  0.00000000
  0.00000000  0.00908346    1.17078858  0.00000000    0.00000000  0.00000000
  0.00000000  0.00000000    0.00000000  0.00000000    0.10975237  0.00000000
    1    2
 -0.22611843  0.00000000    0.00000000  0.32928475    0.00000000  0.00000000
  0.00000000  0.32928475   -0.43280175  0.00000000    0.00000000  0.00000000
  0.00000000  0.00000000    0.00000000  0.00000000   -0.10585074  0.00000000
    2    1
 -0.22611843  0.00000000    0.00000000 -0.32928475    0.00000000  0.00000000
  0.00000000 -0.32928475   -0.43280175  0.00000000    0.00000000  0.00000000
  0.00000000  0.00000000    0.00000000  0.00000000   -0.10585074  0.00000000
    2    2
  1.49845268  0.00000000    0.00000000  0.00908346    0.00000000  0.00000000
  0.00000000 -0.00908346    1.17078858  0.00000000    0.00000000  0.00000000
  0.00000000  0.00000000    0.00000000  0.00000000    0.10975237  0.00000000

     Dynamical  Matrix in cartesian axes

     q = (   -0.250000000   0.433012702   0.000000000 ) 

    1    1
  1.25270461  0.00000000   -0.14188272  0.00908346    0.00000000  0.00000000
 -0.14188272 -0.00908346    1.41653666  0.00000000    0.00000000  0.00000000
  0.00000000  0.00000000    0.00000000  0.00000000    0.10975237  0.00000000
    1    2
  0.28517905 -0.38112337   -0.16464001 -0.08950086    0.00000000  0.00000000
 -0.16464001 -0.08950086   -0.28516160 -0.27779681    0.00000000  0.00000000
  0.00000000  0.00000000    0.00000000  0.00000000    0.00000280 -0.10585074
    2    1
  0.28517905  0.38112337   -0.16464001  0.08950086    0.00000000  0.00000000
 -0.16464001  0.08950086   -0.28516160  0.27779681    0.00000000  0.00000000
  0.00000000  0.00000000    0.00000000  0.00000000    0.00000280  0.10585074
    2    2
  1.25270461  0.00000000   -0.14188272 -0.00908346    0.00000000  0.00000000
 -0.14188272  0.00908346    1.41653666  0.00000000    0.00000000  0.00000000
  0.00000000  0.00000000    0.00000000  0.00000000    0.10975237  0.00000000

     Diagonalizing the dynamical matrix

     q = (    0.250000000   0.433012702   0.000000000 ) 

 **************************************************************************
     freq (    1) =       1.964032 [THz] =      65.513065 [cm-1]
 ( -0.000000 -0.000000  0.000000  0.000000 -0.000019  0.707107 ) 
 ( -0.000000  0.000000  0.000000 -0.000000  0.707107 -0.000000 ) 
     freq (    2) =      14.600016 [THz] =     487.004119 [cm-1]
 ( -0.000000 -0.000000  0.000000  0.000000 -0.000019  0.707107 ) 
 ( -0.000000  0.000000  0.000000 -0.000000 -0.707107  0.000000 ) 
     freq (    3) =      25.216829 [THz] =     841.142889 [cm-1]
 ( -0.178627 -0.568279  0.309402  0.222311  0.000000 -0.000000 ) 
 ( -0.476657  0.357276  0.380988 -0.000004  0.000000  0.000000 ) 
     freq (    4) =      32.391495 [THz] =    1080.463980 [cm-1]
 ( -0.203312  0.392057  0.352130  0.425394  0.000000 -0.000000 ) 
 (  0.172363 -0.406614  0.552228 -0.000006  0.000000  0.000000 ) 
     freq (    5) =      42.357211 [THz] =    1412.884465 [cm-1]
 (  0.254208  0.490239 -0.440315  0.034158  0.000000 -0.000000 ) 
 ( -0.215524  0.508434  0.441638 -0.000005  0.000000  0.000000 ) 
     freq (    6) =      42.411912 [THz] =    1414.709114 [cm-1]
 (  0.114256 -0.363452 -0.197879 -0.561865  0.000000 -0.000000 ) 
 (  0.304857 -0.228504  0.595691 -0.000007  0.000000  0.000000 ) 
 **************************************************************************
