Dynamical matrix file
Ph                                                                         
  1    2   2   6.7420000   0.0000000   0.0000000   0.0000000   0.0000000   0.0000000
           1  'C      '    10947.083370705141     
    1    1      0.0000000000      0.0000000000      0.0000000000
    2    1      0.2500000000      0.2500000000      0.2500000000

     Dynamical  Matrix in cartesian axes

     q = (    0.000000000   0.500000000   0.000000000 ) 

    1    1
  0.77880032E+00   0.00000000E+00     0.00000000E+00   0.00000000E+00    -0.22204460E-15   0.00000000E+00
  0.00000000E+00   0.00000000E+00     0.10398435E+01   0.00000000E+00     0.00000000E+00   0.00000000E+00
 -0.22204460E-15   0.00000000E+00     0.00000000E+00   0.00000000E+00     0.77880032E+00   0.00000000E+00
    1    2
 -0.36053526E+00   0.36053526E+00     0.00000000E+00   0.00000000E+00    -0.79521723E-01  -0.79521723E-01
  0.00000000E+00   0.00000000E+00    -0.37471494E+00   0.37471494E+00     0.00000000E+00   0.00000000E+00
 -0.79521723E-01  -0.79521723E-01     0.00000000E+00   0.00000000E+00    -0.36053526E+00   0.36053526E+00
    2    1
 -0.36053526E+00  -0.36053526E+00     0.00000000E+00   0.00000000E+00    -0.79521723E-01   0.79521723E-01
  0.00000000E+00   0.00000000E+00    -0.37471494E+00  -0.37471494E+00     0.00000000E+00   0.00000000E+00
 -0.79521723E-01   0.79521723E-01     0.00000000E+00   0.00000000E+00    -0.36053526E+00  -0.36053526E+00
    2    2
  0.77880032E+00   0.00000000E+00    -0.55511151E-16   0.00000000E+00    -0.11102230E-15   0.00000000E+00
  0.00000000E+00   0.00000000E+00     0.10398435E+01   0.00000000E+00     0.00000000E+00   0.00000000E+00
 -0.11102230E-15   0.00000000E+00    -0.55511151E-16   0.00000000E+00     0.77880032E+00   0.00000000E+00

     Dynamical  Matrix in cartesian axes

     q = (    0.000000000  -0.500000000   0.000000000 ) 

    1    1
  0.77880032E+00   0.00000000E+00     0.11102230E-15   0.00000000E+00    -0.22204460E-15   0.00000000E+00
  0.00000000E+00   0.00000000E+00     0.10398435E+01   0.00000000E+00     0.00000000E+00   0.00000000E+00
 -0.22204460E-15   0.00000000E+00    -0.11102230E-15   0.00000000E+00     0.77880032E+00   0.00000000E+00
    1    2
 -0.36053526E+00  -0.36053526E+00     0.00000000E+00   0.00000000E+00    -0.79521723E-01   0.79521723E-01
  0.00000000E+00   0.00000000E+00    -0.37471494E+00  -0.37471494E+00     0.00000000E+00   0.27755576E-16
 -0.79521723E-01   0.79521723E-01     0.00000000E+00   0.00000000E+00    -0.36053526E+00  -0.36053526E+00
    2    1
 -0.36053526E+00   0.36053526E+00     0.00000000E+00   0.00000000E+00    -0.79521723E-01  -0.79521723E-01
  0.00000000E+00   0.00000000E+00    -0.37471494E+00   0.37471494E+00     0.00000000E+00   0.27755576E-16
 -0.79521723E-01  -0.79521723E-01     0.00000000E+00   0.55511151E-16    -0.36053526E+00   0.36053526E+00
    2    2
  0.77880032E+00   0.00000000E+00    -0.55511151E-16   0.00000000E+00    -0.11102230E-15   0.00000000E+00
  0.00000000E+00   0.00000000E+00     0.10398435E+01   0.00000000E+00     0.00000000E+00   0.00000000E+00
 -0.11102230E-15   0.00000000E+00    -0.55511151E-16   0.00000000E+00     0.77880032E+00   0.00000000E+00

     Dynamical  Matrix in cartesian axes

     q = (    0.500000000   0.000000000   0.000000000 ) 

    1    1
  0.10398435E+01   0.00000000E+00     0.00000000E+00   0.00000000E+00     0.00000000E+00   0.00000000E+00
  0.00000000E+00   0.00000000E+00     0.77880032E+00   0.00000000E+00     0.22204460E-15   0.00000000E+00
  0.00000000E+00   0.00000000E+00     0.22204460E-15   0.00000000E+00     0.77880032E+00   0.00000000E+00
    1    2
 -0.37471494E+00   0.37471494E+00     0.00000000E+00   0.00000000E+00     0.00000000E+00   0.00000000E+00
  0.00000000E+00   0.00000000E+00    -0.36053526E+00   0.36053526E+00    -0.79521723E-01  -0.79521723E-01
  0.00000000E+00   0.00000000E+00    -0.79521723E-01  -0.79521723E-01    -0.36053526E+00   0.36053526E+00
    2    1
 -0.37471494E+00  -0.37471494E+00     0.00000000E+00   0.00000000E+00     0.00000000E+00   0.00000000E+00
  0.00000000E+00   0.00000000E+00    -0.36053526E+00  -0.36053526E+00    -0.79521723E-01   0.79521723E-01
  0.00000000E+00   0.00000000E+00    -0.79521723E-01   0.79521723E-01    -0.36053526E+00  -0.36053526E+00
    2    2
  0.10398435E+01   0.00000000E+00     0.11102230E-15   0.00000000E+00    -0.55511151E-16   0.00000000E+00
 -0.11102230E-15   0.00000000E+00     0.77880032E+00   0.00000000E+00     0.16653345E-15   0.00000000E+00
  0.11102230E-15   0.00000000E+00     0.11102230E-15   0.00000000E+00     0.77880032E+00   0.00000000E+00

     Dynamical  Matrix in cartesian axes

     q = (    0.000000000   0.000000000   0.500000000 ) 

    1    1
  0.77880032E+00   0.00000000E+00    -0.22204460E-15   0.00000000E+00     0.00000000E+00   0.00000000E+00
 -0.22204460E-15   0.00000000E+00     0.77880032E+00   0.00000000E+00     0.00000000E+00   0.00000000E+00
  0.00000000E+00   0.00000000E+00     0.00000000E+00   0.00000000E+00     0.10398435E+01   0.00000000E+00
    1    2
 -0.36053526E+00   0.36053526E+00    -0.79521723E-01  -0.79521723E-01     0.00000000E+00   0.00000000E+00
 -0.79521723E-01  -0.79521723E-01    -0.36053526E+00   0.36053526E+00     0.00000000E+00   0.00000000E+00
  0.00000000E+00   0.00000000E+00     0.00000000E+00   0.00000000E+00    -0.37471494E+00   0.37471494E+00
    2    1
 -0.36053526E+00  -0.36053526E+00    -0.79521723E-01   0.79521723E-01     0.00000000E+00   0.00000000E+00
 -0.79521723E-01   0.79521723E-01    -0.36053526E+00  -0.36053526E+00     0.00000000E+00   0.00000000E+00
  0.00000000E+00   0.00000000E+00     0.00000000E+00   0.00000000E+00    -0.37471494E+00  -0.37471494E+00
    2    2
  0.77880032E+00   0.00000000E+00    -0.11102230E-15   0.00000000E+00     0.55511151E-16   0.00000000E+00
 -0.11102230E-15   0.00000000E+00     0.77880032E+00   0.00000000E+00     0.55511151E-16   0.00000000E+00
  0.00000000E+00   0.00000000E+00     0.00000000E+00   0.00000000E+00     0.10398435E+01   0.00000000E+00

     Dynamical  Matrix in cartesian axes

     q = (    0.000000000   0.000000000  -0.500000000 ) 

    1    1
  0.77880032E+00   0.00000000E+00    -0.22204460E-15   0.00000000E+00     0.00000000E+00   0.00000000E+00
 -0.22204460E-15   0.00000000E+00     0.77880032E+00   0.00000000E+00     0.00000000E+00   0.00000000E+00
  0.00000000E+00   0.00000000E+00     0.00000000E+00   0.00000000E+00     0.10398435E+01   0.00000000E+00
    1    2
 -0.36053526E+00  -0.36053526E+00    -0.79521723E-01   0.79521723E-01     0.00000000E+00   0.00000000E+00
 -0.79521723E-01   0.79521723E-01    -0.36053526E+00  -0.36053526E+00     0.00000000E+00   0.00000000E+00
  0.00000000E+00   0.00000000E+00     0.00000000E+00   0.00000000E+00    -0.37471494E+00  -0.37471494E+00
    2    1
 -0.36053526E+00   0.36053526E+00    -0.79521723E-01  -0.79521723E-01     0.00000000E+00   0.00000000E+00
 -0.79521723E-01  -0.79521723E-01    -0.36053526E+00   0.36053526E+00     0.00000000E+00   0.00000000E+00
  0.00000000E+00   0.00000000E+00     0.00000000E+00   0.00000000E+00    -0.37471494E+00   0.37471494E+00
    2    2
  0.77880032E+00   0.00000000E+00    -0.22204460E-15   0.00000000E+00     0.00000000E+00   0.00000000E+00
 -0.22204460E-15   0.00000000E+00     0.77880032E+00   0.00000000E+00     0.00000000E+00   0.00000000E+00
  0.00000000E+00   0.00000000E+00     0.00000000E+00   0.00000000E+00     0.10398435E+01   0.00000000E+00

     Dynamical  Matrix in cartesian axes

     q = (   -0.500000000   0.000000000   0.000000000 ) 

    1    1
  0.10398435E+01   0.00000000E+00     0.11102230E-15   0.00000000E+00     0.00000000E+00   0.00000000E+00
 -0.11102230E-15   0.00000000E+00     0.77880032E+00   0.00000000E+00     0.11102230E-15   0.00000000E+00
  0.11102230E-15   0.00000000E+00     0.11102230E-15   0.00000000E+00     0.77880032E+00   0.00000000E+00
    1    2
 -0.37471494E+00  -0.37471494E+00     0.00000000E+00   0.00000000E+00     0.00000000E+00   0.00000000E+00
  0.00000000E+00   0.00000000E+00    -0.36053526E+00  -0.36053526E+00    -0.79521723E-01   0.79521723E-01
  0.00000000E+00   0.00000000E+00    -0.79521723E-01   0.79521723E-01    -0.36053526E+00  -0.36053526E+00
    2    1
 -0.37471494E+00   0.37471494E+00     0.00000000E+00   0.00000000E+00     0.00000000E+00   0.00000000E+00
  0.00000000E+00   0.00000000E+00    -0.36053526E+00   0.36053526E+00    -0.79521723E-01  -0.79521723E-01
  0.00000000E+00   0.00000000E+00    -0.79521723E-01  -0.79521723E-01    -0.36053526E+00   0.36053526E+00
    2    2
  0.10398435E+01   0.00000000E+00     0.00000000E+00   0.00000000E+00     0.00000000E+00   0.00000000E+00
  0.00000000E+00   0.00000000E+00     0.77880032E+00   0.00000000E+00     0.22204460E-15   0.00000000E+00
  0.00000000E+00   0.00000000E+00     0.22204460E-15   0.00000000E+00     0.77880032E+00   0.00000000E+00

     Diagonalizing the dynamical matrix

     q = (    0.000000000   0.500000000   0.000000000 ) 

 **************************************************************************
     freq (    1) =      15.929951 [THz] =     531.365983 [cm-1]
 (  0.370545 -0.579800  0.000000  0.000000  0.057063  0.152551 ) 
 (  0.688148 -0.129949  0.000000  0.000000 -0.097806  0.000000 ) 
     freq (    2) =      15.929951 [THz] =     531.365983 [cm-1]
 (  0.160490  0.027764  0.000000 -0.000000  0.500972 -0.471698 ) 
 (  0.096107 -0.018149  0.000000  0.000000  0.700310  0.000000 ) 
     freq (    3) =      22.453052 [THz] =     748.953196 [cm-1]
 ( -0.000000  0.000000  0.602069 -0.370827 -0.000000  0.000000 ) 
 ( -0.000000  0.000000  0.687942  0.163513 -0.000000  0.000000 ) 
     freq (    4) =      35.863501 [THz] =    1196.277627 [cm-1]
 ( -0.001010  0.179485 -0.000000  0.000000  0.463309 -0.503120 ) 
 (  0.130697  0.023951  0.000000  0.000000 -0.694510  0.000000 ) 
     freq (    5) =      35.863501 [THz] =    1196.277627 [cm-1]
 (  0.578391 -0.365032  0.000000 -0.000000  0.176727  0.031359 ) 
 ( -0.683135 -0.125186 -0.000000 -0.000000 -0.132873  0.000000 ) 
     freq (    6) =      39.395253 [THz] =    1314.084202 [cm-1]
 (  0.000000 -0.000000 -0.551321  0.442770 -0.000000  0.000000 ) 
 ( -0.000000 -0.000000  0.702928  0.076757  0.000000  0.000000 ) 
 **************************************************************************
