Dynamical matrix file
Ph                                                                         
  1    2   2   6.7420000   0.0000000   0.0000000   0.0000000   0.0000000   0.0000000
           1  'C      '    10947.083370705141     
    1    1      0.0000000000      0.0000000000      0.0000000000
    2    1      0.2500000000      0.2500000000      0.2500000000

     Dynamical  Matrix in cartesian axes

     q = (    0.500000000   0.000000000   0.500000000 ) 

    1    1
  0.90374364E+00   0.00000000E+00     0.00000000E+00   0.56428697E-01     0.12604680E+00   0.00000000E+00
  0.00000000E+00  -0.56428697E-01     0.92897164E+00   0.00000000E+00     0.00000000E+00  -0.56428697E-01
  0.12604680E+00   0.00000000E+00     0.00000000E+00   0.56428697E-01     0.90374364E+00   0.00000000E+00
    1    2
 -0.27755576E-16   0.36365211E+00    -0.83178092E-01   0.00000000E+00     0.00000000E+00  -0.64031025E-01
 -0.83178092E-01   0.00000000E+00    -0.27755576E-16   0.39179612E+00    -0.83178092E-01  -0.27755576E-16
  0.00000000E+00  -0.64031025E-01    -0.83178092E-01   0.00000000E+00    -0.27755576E-16   0.36365211E+00
    2    1
 -0.27755576E-16  -0.36365211E+00    -0.83178092E-01   0.00000000E+00     0.00000000E+00   0.64031025E-01
 -0.83178092E-01  -0.55511151E-16    -0.27755576E-16  -0.39179612E+00    -0.83178092E-01   0.00000000E+00
  0.00000000E+00   0.64031025E-01    -0.83178092E-01   0.00000000E+00    -0.27755576E-16  -0.36365211E+00
    2    2
  0.90374364E+00   0.00000000E+00     0.00000000E+00  -0.56428697E-01     0.12604680E+00   0.00000000E+00
  0.11102230E-15   0.56428697E-01     0.92897164E+00   0.00000000E+00     0.00000000E+00   0.56428697E-01
  0.12604680E+00   0.00000000E+00     0.00000000E+00  -0.56428697E-01     0.90374364E+00   0.00000000E+00

     Dynamical  Matrix in cartesian axes

     q = (   -0.500000000   0.000000000   0.500000000 ) 

    1    1
  0.90374364E+00   0.00000000E+00     0.55511151E-16   0.56428697E-01    -0.12604680E+00   0.00000000E+00
  0.11102230E-15  -0.56428697E-01     0.92897164E+00   0.00000000E+00     0.55511151E-16   0.56428697E-01
 -0.12604680E+00   0.00000000E+00     0.55511151E-16  -0.56428697E-01     0.90374364E+00   0.00000000E+00
    1    2
 -0.36365211E+00   0.00000000E+00     0.00000000E+00  -0.83178092E-01    -0.64031025E-01   0.00000000E+00
  0.00000000E+00  -0.83178092E-01    -0.39179612E+00   0.00000000E+00     0.00000000E+00   0.83178092E-01
 -0.64031025E-01   0.00000000E+00     0.00000000E+00   0.83178092E-01    -0.36365211E+00   0.00000000E+00
    2    1
 -0.36365211E+00   0.00000000E+00     0.00000000E+00   0.83178092E-01    -0.64031025E-01   0.00000000E+00
  0.00000000E+00   0.83178092E-01    -0.39179612E+00   0.00000000E+00     0.00000000E+00  -0.83178092E-01
 -0.64031025E-01   0.00000000E+00     0.00000000E+00  -0.83178092E-01    -0.36365211E+00   0.00000000E+00
    2    2
  0.90374364E+00   0.00000000E+00    -0.11102230E-15  -0.56428697E-01    -0.12604680E+00   0.00000000E+00
  0.00000000E+00   0.56428697E-01     0.92897164E+00   0.00000000E+00     0.00000000E+00  -0.56428697E-01
 -0.12604680E+00   0.00000000E+00    -0.11102230E-15   0.56428697E-01     0.90374364E+00   0.00000000E+00

     Dynamical  Matrix in cartesian axes

     q = (   -0.500000000   0.000000000  -0.500000000 ) 

    1    1
  0.90374364E+00   0.00000000E+00     0.00000000E+00  -0.56428697E-01     0.12604680E+00   0.00000000E+00
  0.00000000E+00   0.56428697E-01     0.92897164E+00   0.00000000E+00     0.00000000E+00   0.56428697E-01
  0.12604680E+00   0.00000000E+00     0.00000000E+00  -0.56428697E-01     0.90374364E+00   0.00000000E+00
    1    2
 -0.27755576E-16  -0.36365211E+00    -0.83178092E-01   0.00000000E+00     0.00000000E+00   0.64031025E-01
 -0.83178092E-01   0.00000000E+00    -0.27755576E-16  -0.39179612E+00    -0.83178092E-01   0.27755576E-16
  0.00000000E+00   0.64031025E-01    -0.83178092E-01   0.00000000E+00    -0.27755576E-16  -0.36365211E+00
    2    1
 -0.27755576E-16   0.36365211E+00    -0.83178092E-01   0.00000000E+00     0.00000000E+00  -0.64031025E-01
 -0.83178092E-01   0.55511151E-16    -0.27755576E-16   0.39179612E+00    -0.83178092E-01   0.00000000E+00
  0.00000000E+00  -0.64031025E-01    -0.83178092E-01   0.00000000E+00    -0.27755576E-16   0.36365211E+00
    2    2
  0.90374364E+00   0.00000000E+00     0.00000000E+00   0.56428697E-01     0.12604680E+00   0.00000000E+00
  0.11102230E-15  -0.56428697E-01     0.92897164E+00   0.00000000E+00     0.00000000E+00  -0.56428697E-01
  0.12604680E+00   0.00000000E+00     0.00000000E+00   0.56428697E-01     0.90374364E+00   0.00000000E+00

     Dynamical  Matrix in cartesian axes

     q = (    0.500000000   0.000000000  -0.500000000 ) 

    1    1
  0.90374364E+00   0.00000000E+00     0.00000000E+00  -0.56428697E-01    -0.12604680E+00   0.00000000E+00
 -0.55511151E-16   0.56428697E-01     0.92897164E+00   0.00000000E+00    -0.55511151E-16  -0.56428697E-01
 -0.12604680E+00   0.00000000E+00     0.00000000E+00   0.56428697E-01     0.90374364E+00   0.00000000E+00
    1    2
 -0.36365211E+00   0.00000000E+00     0.00000000E+00   0.83178092E-01    -0.64031025E-01   0.00000000E+00
  0.00000000E+00   0.83178092E-01    -0.39179612E+00   0.00000000E+00     0.00000000E+00  -0.83178092E-01
 -0.64031025E-01   0.00000000E+00     0.00000000E+00  -0.83178092E-01    -0.36365211E+00   0.00000000E+00
    2    1
 -0.36365211E+00   0.00000000E+00     0.00000000E+00  -0.83178092E-01    -0.64031025E-01   0.00000000E+00
  0.00000000E+00  -0.83178092E-01    -0.39179612E+00   0.00000000E+00     0.00000000E+00   0.83178092E-01
 -0.64031025E-01   0.00000000E+00     0.00000000E+00   0.83178092E-01    -0.36365211E+00   0.00000000E+00
    2    2
  0.90374364E+00   0.00000000E+00     0.11102230E-15   0.56428697E-01    -0.12604680E+00   0.00000000E+00
  0.55511151E-16  -0.56428697E-01     0.92897164E+00   0.00000000E+00     0.00000000E+00   0.56428697E-01
 -0.12604680E+00   0.00000000E+00     0.11102230E-15  -0.56428697E-01     0.90374364E+00   0.00000000E+00

     Dynamical  Matrix in cartesian axes

     q = (    0.000000000   0.500000000  -0.500000000 ) 

    1    1
  0.92897164E+00   0.00000000E+00    -0.55511151E-16   0.56428697E-01    -0.55511151E-16  -0.56428697E-01
 -0.11102230E-15  -0.56428697E-01     0.90374364E+00   0.00000000E+00    -0.12604680E+00   0.00000000E+00
  0.00000000E+00   0.56428697E-01    -0.12604680E+00   0.00000000E+00     0.90374364E+00   0.00000000E+00
    1    2
 -0.39179612E+00   0.00000000E+00    -0.27755576E-16   0.83178092E-01     0.27755576E-16  -0.83178092E-01
  0.00000000E+00   0.83178092E-01    -0.36365211E+00   0.00000000E+00    -0.64031025E-01   0.00000000E+00
  0.00000000E+00  -0.83178092E-01    -0.64031025E-01   0.00000000E+00    -0.36365211E+00   0.00000000E+00
    2    1
 -0.39179612E+00   0.00000000E+00     0.27755576E-16  -0.83178092E-01     0.55511151E-16   0.83178092E-01
  0.00000000E+00  -0.83178092E-01    -0.36365211E+00   0.00000000E+00    -0.64031025E-01   0.00000000E+00
  0.27755576E-16   0.83178092E-01    -0.64031025E-01   0.00000000E+00    -0.36365211E+00   0.00000000E+00
    2    2
  0.92897164E+00   0.00000000E+00    -0.11102230E-15  -0.56428697E-01    -0.11102230E-15   0.56428697E-01
  0.00000000E+00   0.56428697E-01     0.90374364E+00   0.00000000E+00    -0.12604680E+00   0.00000000E+00
  0.00000000E+00  -0.56428697E-01    -0.12604680E+00   0.00000000E+00     0.90374364E+00   0.00000000E+00

     Dynamical  Matrix in cartesian axes

     q = (   -0.500000000   0.500000000   0.000000000 ) 

    1    1
  0.90374364E+00   0.00000000E+00    -0.12604680E+00   0.00000000E+00     0.00000000E+00   0.56428697E-01
 -0.12604680E+00   0.00000000E+00     0.90374364E+00   0.00000000E+00     0.00000000E+00  -0.56428697E-01
  0.00000000E+00  -0.56428697E-01     0.00000000E+00   0.56428697E-01     0.92897164E+00   0.00000000E+00
    1    2
 -0.36365211E+00   0.00000000E+00    -0.64031025E-01   0.00000000E+00    -0.27755576E-16  -0.83178092E-01
 -0.64031025E-01   0.00000000E+00    -0.36365211E+00   0.00000000E+00    -0.27755576E-16   0.83178092E-01
 -0.27755576E-16  -0.83178092E-01    -0.27755576E-16   0.83178092E-01    -0.39179612E+00   0.00000000E+00
    2    1
 -0.36365211E+00   0.00000000E+00    -0.64031025E-01   0.00000000E+00    -0.27755576E-16   0.83178092E-01
 -0.64031025E-01   0.00000000E+00    -0.36365211E+00   0.00000000E+00    -0.27755576E-16  -0.83178092E-01
 -0.27755576E-16   0.83178092E-01    -0.27755576E-16  -0.83178092E-01    -0.39179612E+00   0.00000000E+00
    2    2
  0.90374364E+00   0.00000000E+00    -0.12604680E+00   0.00000000E+00     0.00000000E+00  -0.56428697E-01
 -0.12604680E+00   0.00000000E+00     0.90374364E+00   0.00000000E+00     0.00000000E+00   0.56428697E-01
 -0.11102230E-15   0.56428697E-01     0.00000000E+00  -0.56428697E-01     0.92897164E+00   0.00000000E+00

     Dynamical  Matrix in cartesian axes

     q = (    0.000000000   0.500000000   0.500000000 ) 

    1    1
  0.92897164E+00   0.00000000E+00    -0.55511151E-16  -0.56428697E-01     0.55511151E-16  -0.56428697E-01
  0.00000000E+00   0.56428697E-01     0.90374364E+00   0.00000000E+00     0.12604680E+00   0.00000000E+00
  0.00000000E+00   0.56428697E-01     0.12604680E+00   0.00000000E+00     0.90374364E+00   0.00000000E+00
    1    2
 -0.34694470E-16   0.39179612E+00    -0.83178092E-01  -0.27755576E-16    -0.83178092E-01   0.27755576E-16
 -0.83178092E-01  -0.27755576E-16    -0.41633363E-16   0.36365211E+00     0.20816682E-16  -0.64031025E-01
 -0.83178092E-01   0.27755576E-16     0.13877788E-16  -0.64031025E-01    -0.41633363E-16   0.36365211E+00
    2    1
 -0.34694470E-16  -0.39179612E+00    -0.83178092E-01   0.27755576E-16    -0.83178092E-01  -0.27755576E-16
 -0.83178092E-01   0.27755576E-16    -0.41633363E-16  -0.36365211E+00     0.20816682E-16   0.64031025E-01
 -0.83178092E-01  -0.27755576E-16     0.13877788E-16   0.64031025E-01    -0.41633363E-16  -0.36365211E+00
    2    2
  0.92897164E+00   0.00000000E+00     0.11102230E-15   0.56428697E-01    -0.11102230E-15   0.56428697E-01
  0.55511151E-16  -0.56428697E-01     0.90374364E+00   0.00000000E+00     0.12604680E+00   0.00000000E+00
 -0.55511151E-16  -0.56428697E-01     0.12604680E+00   0.00000000E+00     0.90374364E+00   0.00000000E+00

     Dynamical  Matrix in cartesian axes

     q = (    0.000000000  -0.500000000  -0.500000000 ) 

    1    1
  0.92897164E+00   0.00000000E+00     0.00000000E+00   0.56428697E-01    -0.55511151E-16   0.56428697E-01
  0.11102230E-15  -0.56428697E-01     0.90374364E+00   0.00000000E+00     0.12604680E+00   0.00000000E+00
 -0.11102230E-15  -0.56428697E-01     0.12604680E+00   0.00000000E+00     0.90374364E+00   0.00000000E+00
    1    2
 -0.20816682E-16  -0.39179612E+00    -0.83178092E-01   0.00000000E+00    -0.83178092E-01   0.00000000E+00
 -0.83178092E-01   0.00000000E+00    -0.20816682E-16  -0.36365211E+00     0.13877788E-16   0.64031025E-01
 -0.83178092E-01   0.00000000E+00     0.69388939E-17   0.64031025E-01    -0.20816682E-16  -0.36365211E+00
    2    1
 -0.20816682E-16   0.39179612E+00    -0.83178092E-01   0.00000000E+00    -0.83178092E-01   0.00000000E+00
 -0.83178092E-01   0.00000000E+00    -0.20816682E-16   0.36365211E+00     0.13877788E-16  -0.64031025E-01
 -0.83178092E-01   0.00000000E+00     0.69388939E-17  -0.64031025E-01    -0.20816682E-16   0.36365211E+00
    2    2
  0.92897164E+00   0.00000000E+00    -0.55511151E-16  -0.56428697E-01     0.55511151E-16  -0.56428697E-01
  0.00000000E+00   0.56428697E-01     0.90374364E+00   0.00000000E+00     0.12604680E+00   0.00000000E+00
  0.00000000E+00   0.56428697E-01     0.12604680E+00   0.00000000E+00     0.90374364E+00   0.00000000E+00

     Dynamical  Matrix in cartesian axes

     q = (    0.500000000   0.500000000   0.000000000 ) 

    1    1
  0.90374364E+00   0.00000000E+00     0.12604680E+00   0.00000000E+00     0.00000000E+00   0.56428697E-01
  0.12604680E+00   0.00000000E+00     0.90374364E+00   0.00000000E+00     0.00000000E+00   0.56428697E-01
  0.00000000E+00  -0.56428697E-01     0.55511151E-16  -0.56428697E-01     0.92897164E+00   0.00000000E+00
    1    2
 -0.27363692E-16   0.36365211E+00    -0.39188409E-18  -0.64031025E-01    -0.83178092E-01  -0.27755576E-16
 -0.11756523E-17  -0.64031025E-01    -0.26579923E-16   0.36365211E+00    -0.83178092E-01  -0.27755576E-16
 -0.83178092E-01  -0.27755576E-16    -0.83178092E-01   0.27755576E-16    -0.28147460E-16   0.39179612E+00
    2    1
 -0.27363692E-16  -0.36365211E+00    -0.39188409E-18   0.64031025E-01    -0.83178092E-01   0.27755576E-16
 -0.11756523E-17   0.64031025E-01    -0.26579923E-16  -0.36365211E+00    -0.83178092E-01   0.27755576E-16
 -0.83178092E-01   0.00000000E+00    -0.83178092E-01   0.27755576E-16    -0.28147460E-16  -0.39179612E+00
    2    2
  0.90374364E+00   0.00000000E+00     0.12604680E+00   0.00000000E+00     0.55511151E-16  -0.56428697E-01
  0.12604680E+00   0.00000000E+00     0.90374364E+00   0.00000000E+00     0.55511151E-16  -0.56428697E-01
  0.00000000E+00   0.56428697E-01    -0.16653345E-15   0.56428697E-01     0.92897164E+00   0.00000000E+00

     Dynamical  Matrix in cartesian axes

     q = (    0.500000000  -0.500000000   0.000000000 ) 

    1    1
  0.90374364E+00   0.00000000E+00    -0.12604680E+00   0.00000000E+00     0.11102230E-15  -0.56428697E-01
 -0.12604680E+00   0.00000000E+00     0.90374364E+00   0.00000000E+00     0.11102230E-15   0.56428697E-01
  0.00000000E+00   0.56428697E-01     0.00000000E+00  -0.56428697E-01     0.92897164E+00   0.00000000E+00
    1    2
 -0.36365211E+00   0.00000000E+00    -0.64031025E-01   0.00000000E+00     0.00000000E+00   0.83178092E-01
 -0.64031025E-01   0.00000000E+00    -0.36365211E+00   0.00000000E+00     0.00000000E+00  -0.83178092E-01
  0.00000000E+00   0.83178092E-01     0.00000000E+00  -0.83178092E-01    -0.39179612E+00   0.00000000E+00
    2    1
 -0.36365211E+00   0.00000000E+00    -0.64031025E-01   0.00000000E+00     0.00000000E+00  -0.83178092E-01
 -0.64031025E-01   0.00000000E+00    -0.36365211E+00   0.00000000E+00     0.00000000E+00   0.83178092E-01
  0.00000000E+00  -0.83178092E-01     0.00000000E+00   0.83178092E-01    -0.39179612E+00   0.00000000E+00
    2    2
  0.90374364E+00   0.00000000E+00    -0.12604680E+00   0.00000000E+00     0.00000000E+00   0.56428697E-01
 -0.12604680E+00   0.00000000E+00     0.90374364E+00   0.00000000E+00     0.00000000E+00  -0.56428697E-01
 -0.11102230E-15  -0.56428697E-01     0.00000000E+00   0.56428697E-01     0.92897164E+00   0.00000000E+00

     Dynamical  Matrix in cartesian axes

     q = (   -0.500000000  -0.500000000   0.000000000 ) 

    1    1
  0.90374364E+00   0.00000000E+00     0.12604680E+00   0.00000000E+00     0.00000000E+00  -0.56428697E-01
  0.12604680E+00   0.00000000E+00     0.90374364E+00   0.00000000E+00     0.00000000E+00  -0.56428697E-01
 -0.11102230E-15   0.56428697E-01     0.55511151E-16   0.56428697E-01     0.92897164E+00   0.00000000E+00
    1    2
 -0.27363692E-16  -0.36365211E+00    -0.39188409E-18   0.64031025E-01    -0.83178092E-01   0.27755576E-16
 -0.11756523E-17   0.64031025E-01    -0.26579923E-16  -0.36365211E+00    -0.83178092E-01  -0.27755576E-16
 -0.83178092E-01   0.55511151E-16    -0.83178092E-01   0.00000000E+00    -0.28147460E-16  -0.39179612E+00
    2    1
 -0.27363692E-16   0.36365211E+00    -0.39188409E-18  -0.64031025E-01    -0.83178092E-01   0.00000000E+00
 -0.11756523E-17  -0.64031025E-01    -0.26579923E-16   0.36365211E+00    -0.83178092E-01   0.00000000E+00
 -0.83178092E-01  -0.27755576E-16    -0.83178092E-01  -0.27755576E-16    -0.28147460E-16   0.39179612E+00
    2    2
  0.90374364E+00   0.00000000E+00     0.12604680E+00   0.00000000E+00     0.00000000E+00   0.56428697E-01
  0.12604680E+00   0.00000000E+00     0.90374364E+00   0.00000000E+00     0.00000000E+00   0.56428697E-01
  0.00000000E+00  -0.56428697E-01     0.55511151E-16  -0.56428697E-01     0.92897164E+00   0.00000000E+00

     Dynamical  Matrix in cartesian axes

     q = (    0.000000000  -0.500000000   0.500000000 ) 

    1    1
  0.92897164E+00   0.00000000E+00    -0.55511151E-16  -0.56428697E-01    -0.55511151E-16   0.56428697E-01
  0.55511151E-16   0.56428697E-01     0.90374364E+00   0.00000000E+00    -0.12604680E+00   0.00000000E+00
 -0.55511151E-16  -0.56428697E-01    -0.12604680E+00   0.00000000E+00     0.90374364E+00   0.00000000E+00
    1    2
 -0.39179612E+00   0.00000000E+00     0.00000000E+00  -0.83178092E-01     0.00000000E+00   0.83178092E-01
  0.00000000E+00  -0.83178092E-01    -0.36365211E+00   0.00000000E+00    -0.64031025E-01   0.00000000E+00
  0.00000000E+00   0.83178092E-01    -0.64031025E-01   0.00000000E+00    -0.36365211E+00   0.00000000E+00
    2    1
 -0.39179612E+00   0.00000000E+00    -0.55511151E-16   0.83178092E-01    -0.27755576E-16  -0.83178092E-01
  0.27755576E-16   0.83178092E-01    -0.36365211E+00   0.00000000E+00    -0.64031025E-01   0.00000000E+00
 -0.27755576E-16  -0.83178092E-01    -0.64031025E-01   0.00000000E+00    -0.36365211E+00   0.00000000E+00
    2    2
  0.92897164E+00   0.00000000E+00     0.55511151E-16   0.56428697E-01     0.00000000E+00  -0.56428697E-01
 -0.55511151E-16  -0.56428697E-01     0.90374364E+00   0.00000000E+00    -0.12604680E+00   0.00000000E+00
 -0.55511151E-16   0.56428697E-01    -0.12604680E+00   0.00000000E+00     0.90374364E+00   0.00000000E+00

     Diagonalizing the dynamical matrix

     q = (    0.500000000   0.000000000   0.500000000 ) 

 **************************************************************************
     freq (    1) =      18.602373 [THz] =     620.508366 [cm-1]
 (  0.000000 -0.500000  0.000000 -0.000000 -0.000000  0.500000 ) 
 (  0.500000  0.000000  0.000000  0.000000 -0.500000  0.000000 ) 
     freq (    2) =      23.006691 [THz] =     767.420616 [cm-1]
 ( -0.000000 -0.023794 -0.706306  0.000000 -0.000000 -0.023794 ) 
 ( -0.023794  0.000000 -0.000000 -0.706306 -0.023794  0.000000 ) 
     freq (    3) =      25.742075 [THz] =     858.663185 [cm-1]
 ( -0.000000  0.478450 -0.205358 -0.000000 -0.000000  0.478450 ) 
 ( -0.478450 -0.000000  0.000000  0.205358 -0.478450  0.000000 ) 
     freq (    4) =      34.521353 [THz] =    1151.508387 [cm-1]
 (  0.000000  0.500000 -0.000000 -0.000000  0.000000 -0.500000 ) 
 (  0.500000  0.000000 -0.000000  0.000000 -0.500000  0.000000 ) 
     freq (    5) =      36.278534 [THz] =    1210.121627 [cm-1]
 (  0.000000  0.499434 -0.033650 -0.000000 -0.000000  0.499434 ) 
 (  0.499434 -0.000000 -0.000000 -0.033650  0.499434  0.000000 ) 
     freq (    6) =      36.946542 [THz] =    1232.403971 [cm-1]
 (  0.000000  0.145210  0.676630  0.000000 -0.000000  0.145210 ) 
 ( -0.145210 -0.000000  0.000000 -0.676630 -0.145210  0.000000 ) 
 **************************************************************************
